MRJD, smoothRV(m/s), error(m/s)
16091.924664, +2.12636, 1.3957 
16091.931898, +2.12636, 1.3801 
16091.939062, +2.12636, 1.3693 
16091.945810, +2.12636, 1.3874 
16094.959618, +2.02794, 1.3878 
16112.936574, +0.26905, 1.0597 
16112.943970, +0.26905, 1.0041 
16112.951771, +0.26905, 1.0645 
16113.833345, +0.26905, 0.9724 
16113.840556, +0.26905, 1.0539 
16113.847801, +0.26905, 0.9340 
16113.854919, +0.26905, 1.0252 
16113.862049, +0.26905, 1.0287 
16113.869248, +0.26905, 1.0481 
16115.850000, +2.64856, 0.9611 
16115.857188, +2.57834, 1.0288 
16115.864294, +2.60255, 1.0020 
16115.871481, +2.45629, 0.9374 
16115.878600, +2.42864, 1.0748 
16115.885810, +2.42864, 1.1125 
16116.836146, +2.42864, 1.0521 
16116.843275, +2.42864, 1.0457 
16116.850463, +2.32225, 1.0280 
16116.857593, +2.39487, 1.0306 
16116.864688, +2.47103, 1.0220 
16116.871968, +2.23398, 1.0287 
16117.888137, +2.01582, 0.9636 
16117.895208, +2.01582, 1.0669 
16117.902396, +2.01582, 1.0710 
16117.909502, +2.01582, 1.0861 
16117.916678, +2.01582, 1.1029 
16117.923796, +2.01582, 1.1096 
16118.837477, +2.01582, 0.9291 
16118.844653, +2.01582, 1.0349 
16118.851817, +2.01582, 1.0714 
16118.858889, +2.01582, 1.0292 
16118.866088, +2.01582, 0.9526 
16118.873218, +2.01582, 0.9199 
16119.881227, +1.75630, 0.9164 
16119.888264, +1.75630, 0.9959 
16119.895521, +1.75630, 0.8945 
16119.918021, +1.75630, 0.9253 
16119.925081, +1.75630, 0.9091 
16119.932234, +1.75630, 0.9169 
16120.841111, +2.07475, 1.2665 
16120.848414, +2.15298, 1.1963 
16120.855475, +2.15298, 1.2069 
16120.862650, +2.15298, 1.1781 
16120.869769, +2.15298, 1.1915 
16120.876910, +2.15298, 1.2371 
16121.807743, +2.23012, 1.0529 
16121.814676, +2.23012, 1.1126 
16121.822002, +2.23012, 1.4315 
16121.829236, +2.23012, 1.3595 
16121.836887, +2.23012, 1.4193 
16121.843819, +2.53268, 1.2583 
16123.813229, +2.49312, 0.9023 
16123.820336, +2.49312, 0.9484 
16123.827627, +2.49312, 0.9272 
16123.834618, +2.49312, 1.0147 
16123.841875, +2.49312, 0.9285 
16123.848958, +2.49312, 1.0493 
16125.795278, +2.62141, 1.0519 
16125.802338, +2.62141, 1.1061 
16125.809595, +2.67793, 1.0771 
16125.816701, +2.73547, 1.1289 
16125.823970, +2.63390, 1.1150 
16125.831157, +2.52668, 1.0830 
16125.856273, +2.23099, 0.9510 
16125.863449, +2.23099, 1.0655 
16125.870370, +2.23099, 1.0439 
16125.877778, +2.23099, 1.0483 
16125.884907, +2.23099, 1.0317 
16125.892049, +2.23099, 1.0217 
16126.805822, +1.92385, 1.0392 
16126.813009, +1.69491, 1.0404 
16126.820220, +1.52108, 1.0580 
16126.827431, +1.48976, 1.0600 
16126.834456, +1.44988, 1.0080 
16126.841678, +1.44988, 1.0778 
16127.891053, +3.29617, 1.0085 
16127.898218, +3.29617, 1.0798 
16128.901505, +0.25169, 1.1732 
16128.908090, +0.25169, 1.4426 
16128.915162, +0.25169, 1.3033 
16128.923611, +0.25169, 1.2180 
16128.930278, +0.25169, 1.1668 
16128.937187, +0.25169, 1.0792 
16129.862766, +0.25169, 1.1045 
16129.871146, +0.25169, 1.2619 
16129.875532, +0.25169, 1.3499 
16129.891597, +0.25169, 1.3629 
16129.898299, +0.25169, 1.4385 
16131.853264, -0.67889, 1.0079 
16131.860139, -0.67889, 1.2069 
16131.867546, -0.67889, 1.2561 
16131.874977, -0.67889, 1.2735 
16131.882164, -0.67889, 1.3006 
16131.888912, -0.67889, 1.2938 
16132.889699, -1.49090, 1.0118 
16132.896794, -1.51886, 0.9350 
16132.904039, -1.51886, 1.0063 
16132.911157, -1.51886, 0.9195 
16132.918275, -1.51886, 1.0551 
16132.925498, -1.51886, 1.0399 
16133.871551, -1.51886, 1.0720 
16133.878704, -1.51886, 1.0404 
16133.885880, -1.51886, 1.0265 
16133.892975, -1.52764, 1.1052 
16135.882083, -0.46729, 1.1113 
16135.889144, -0.46729, 1.0816 
16135.896285, -0.46729, 1.1177 
16135.903519, -0.46729, 1.1683 
16135.910648, -0.46729, 1.1671 
16135.917836, -0.46729, 1.2057 
16146.799410, +1.65143, 0.9813 
16146.809988, +1.65143, 1.0869 
16146.820486, +1.65143, 1.0805 
16146.831447, +1.65143, 1.1460 
16146.843507, +1.65143, 1.2180 
16146.854259, +1.65143, 1.0841 
16146.864595, +1.65143, 1.0492 
16146.875093, +1.65143, 1.0357 
16147.915486, +3.98196, 1.1111 
16147.925914, +3.98196, 1.0220 
16149.899028, +2.44233, 0.9342 
16149.941667, +2.44233, 0.8839 
16149.952373, +2.44233, 1.0027 
16151.825023, +1.31645, 1.0279 
16151.835567, +1.31645, 1.0120 
16151.846111, +1.31645, 0.9945 
16151.856725, +1.31645, 1.0215 
16151.879537, +1.31645, 0.9825 
16151.900521, +1.31645, 1.0404 
16151.911979, +1.31645, 1.0414 
16151.933252, +1.31645, 1.0642 
16158.828692, +1.08194, 1.1881 
16158.839583, +1.08194, 1.1385 
16158.849907, +1.08194, 1.2139 
16158.860822, +1.08194, 1.1296 
16159.869178, -0.23741, 1.0542 
16159.879525, -0.23741, 0.9769 
16159.888611, -0.12110, 1.1432 
16159.897025, +0.19652, 0.9754 
16159.911377, -0.22769, 1.0048 
16159.927454, +0.22219, 0.9972 
16159.937847, +0.22219, 1.0742 
16159.948461, +0.22219, 1.0153 
16159.959491, +0.22219, 1.9336 
16160.839282, +0.22219, 1.0180 
16160.847407, +0.22219, 1.1289 
16160.882697, +0.44953, 1.3794 
16160.893183, +0.72652, 1.3393 
16160.902488, +0.89911, 1.1942 
16160.912523, +0.94442, 1.1882 
16164.837350, +0.62151, 0.9038 
16164.847870, +0.62151, 0.9654 
16164.858530, +0.62151, 0.9375 
16164.869005, +0.62151, 0.9481 
16164.926262, +0.62151, 1.0354 
16164.936794, +0.62151, 1.0341 
16164.947743, +0.62151, 1.0709 
16165.772234, +0.62151, 1.0157 
16165.782928, +0.62151, 0.9122 
16165.793576, +0.62151, 0.9808 
16165.804282, +0.62151, 0.9446 
16166.838333, -0.53701, 1.0293 
16166.849144, -0.21370, 1.1759 
16166.859549, -0.21370, 1.1789 
16166.870278, -0.21370, 1.2172 
16166.927025, -0.21370, 1.1622 
16166.937662, -0.21370, 1.1118 
16166.948194, -0.21370, 1.1280 
16167.810116, -0.21370, 0.9904 
16167.821412, -0.21370, 1.0248 
16167.832049, -0.21370, 1.1009 
16167.842396, -0.56922, 0.9273 
16168.835938, -0.32647, 0.9598 
16168.846620, -0.80446, 1.0443 
16168.857072, -0.80446, 1.0200 
16168.867743, -0.80446, 1.0297 
16168.924271, -0.80446, 0.9961 
16168.935058, -0.80446, 1.1137 
16168.945799, -0.80446, 1.0877 
16171.756898, -1.66555, 0.9773 
16171.767558, -1.66555, 1.0672 
16171.777847, -1.66555, 1.0066 
16171.787766, -1.66555, 0.9892 
16172.837106, +0.30360, 1.0121 
16172.847558, +0.30360, 0.9644 
16172.858380, +0.30360, 1.0527 
16172.868924, +0.30360, 0.9155 
16175.799294, -2.52813, 0.9859 
16175.809699, -2.52813, 0.9810 
16175.819884, -2.52813, 0.9710 
16175.830417, -2.52813, 0.9938 
16178.864711, -0.37977, 0.9786 
16178.875243, -0.37977, 1.1352 
16178.886100, -0.37977, 1.0861 
16178.896620, -0.37977, 1.0869 
16179.812870, -0.37977, 0.9227 
16179.823391, -0.37977, 0.9605 
16179.833252, -0.37977, 1.0075 
16179.842465, -0.37977, 1.0752 
16182.809306, -1.43149, 1.0188 
16182.817870, -1.43149, 0.9633 
16182.826539, -1.43149, 0.9532 
16182.836250, -1.43149, 0.9274 
16184.814560, +0.76397, 1.1017 
16184.822847, +0.76397, 1.0832 
16184.831505, +0.76397, 1.0365 
16184.840127, +0.76397, 1.0866 
16186.744132, +0.08686, 0.9505 
16186.751898, +0.08686, 0.9937 
16186.759549, +0.08686, 1.0109 
16186.767361, +0.08686, 1.0158 
16186.776678, +0.08686, 1.0988 
16186.784086, +0.08686, 1.1013 
16186.791447, +0.08686, 1.0828 
16186.798762, +0.08686, 1.0714 
16187.799803, -0.36928, 1.0775 
16187.808715, -0.36928, 1.0163 
16187.817882, -0.36928, 0.9659 
16187.827488, -0.36928, 1.0092 
16189.761111, -0.81016, 1.0246 
16189.771458, -0.81016, 1.0095 
16189.781759, -0.81016, 0.9621 
16189.792616, -0.29738, 1.1052 
16190.786134, -1.72802, 1.1607 
16190.796863, -1.92420, 1.2255 
16190.807581, -1.92420, 1.2248 
16190.818218, -1.92420, 1.2920 
16192.794583, +0.77484, 1.0685 
16192.805289, +0.77484, 1.1002 
16192.815868, +0.77484, 1.0074 
16192.826609, +0.77484, 1.0239 
16194.779167, -0.23832, 1.1298 
16194.789734, -0.23832, 1.0978 
16194.800162, -0.23832, 1.0559 
16194.811065, -0.23832, 1.0982 
16196.844954, -0.21279, 0.9859 
16196.853877, -0.21279, 1.0834 
16196.863079, -0.21279, 1.0605 
16196.872836, -0.21279, 1.0541 
16196.886736, -0.21279, 0.9279 
16196.897222, -0.21279, 1.0519 
16196.908102, -0.21279, 0.9554 
16196.916273, -0.21279, 1.1411 
16197.666019, -0.21279, 1.0230 
16197.675648, -0.21279, 0.9477 
16197.685891, -0.21279, 1.0664 
16197.718090, -0.21279, 1.2318 
16197.749942, -0.21279, 0.9762 
16197.760440, -0.21279, 0.9673 
16197.771192, -0.21279, 1.0513 
16198.816551, -0.87558, 1.1034 
16198.827315, -0.87558, 1.0196 
16198.837836, -0.87558, 1.0269 
16198.848380, -0.87558, 1.0959 
16199.718519, -0.87558, 0.8830 
16199.729213, -0.87558, 0.9104 
16199.739676, -0.87558, 0.9743 
16199.750382, -0.87558, 0.8805 
16199.767616, -0.91997, 0.9403 
16199.778056, -1.03997, 1.0136 
16199.788796, -1.14020, 0.9163 
16199.799028, -1.19241, 1.0159 
16200.762106, -1.66599, 1.0136 
16200.772627, -1.70663, 0.9468 
16200.783264, -1.88004, 1.0116 
16200.793877, -2.00488, 1.0347 
16201.640405, -2.09263, 0.9090 
16201.650833, -2.07797, 0.9331 
16201.661262, -2.18903, 0.9529 
16201.671771, -2.03424, 0.9845 
16201.737778, -2.11622, 1.0741 
16201.748704, -2.01797, 1.0275 
16201.759491, -1.94745, 1.0012 
16201.769826, -2.05753, 1.0176 
16202.642650, -1.78742, 0.9927 
16202.653194, -1.75666, 0.8842 
16202.664051, -1.64985, 1.0128 
16202.674537, -1.74320, 0.9250 
16202.745891, -1.47727, 0.9206 
16202.756794, -1.42289, 0.9811 
16202.767303, -1.39177, 0.9945 
16202.777778, -1.30755, 0.9638 
16203.631181, -1.50065, 0.9094 
16203.641771, -1.53601, 0.9590 
16203.652708, -1.57492, 0.9633 
16203.663032, -1.49012, 0.9300 
16203.717315, -1.54036, 1.0173 
16203.728715, -1.48154, 1.0006 
16203.739097, -1.56230, 0.8942 
16203.749421, -1.59770, 0.9888 
16204.630382, -1.48457, 0.9939 
16204.641447, -1.52906, 1.0111 
16204.651852, -1.28460, 0.9865 
16204.662106, -1.32928, 0.9509 
16204.714838, -1.31805, 1.0132 
16204.723935, -1.39325, 1.0836 
16204.733218, -1.41756, 0.9576 
16204.743970, -1.52483, 0.9651 
16205.635266, -1.36115, 1.3820 
16205.645995, -1.26415, 1.5176 
16210.629097, +0.47028, 1.1310 
16210.639792, +0.47028, 1.0615 
16210.650498, +0.34031, 0.9535 
16210.660856, +0.34031, 1.0382 
16210.676678, +0.25219, 1.0149 
16210.687118, +0.24492, 1.0234 
16210.697766, +0.05324, 0.9902 
16210.708519, +0.08529, 0.9749 
16211.628912, +0.08529, 1.0543 
16211.639861, -0.01624, 1.0698 
16211.650417, -0.03356, 0.9918 
16211.660995, -0.08872, 0.9345 
16211.673356, -0.24757, 1.0402 
16211.684063, -0.33732, 1.0473 
16211.694606, -0.56546, 1.0477 
16211.705231, -0.52631, 1.0702 
16212.638148, -0.80368, 1.1118 
16212.645868, -1.10138, 1.1367 
16212.653576, -1.03948, 1.0628 
16212.661030, -1.06969, 1.0435 
16212.685428, -1.31723, 1.1412 
16212.693206, -1.24829, 1.0485 
16212.700961, -1.15616, 1.0725 
16212.709120, -1.22469, 0.9819 
16213.609618, -1.14080, 1.0167 
16213.620417, -1.14080, 0.9554 
16213.630903, -1.14080, 0.9575 
16213.641331, -1.20879, 1.0064 
16213.683229, -1.10407, 0.9970 
16213.693079, -1.17397, 1.0056 
16213.701979, -1.12588, 1.0486 
16213.710602, -1.33768, 0.9930 
16214.639398, -1.08071, 1.0271 
16214.649630, -0.91738, 1.0193 
16214.660174, -1.02337, 1.0194 
16214.670637, -1.02810, 0.9820 
16214.686794, -0.84782, 0.9973 
16214.696655, -0.84995, 0.9726 
16214.706296, -0.87278, 0.9937 
16214.715706, -0.93467, 0.9951 
16215.605081, -0.93467, 0.9901 
16215.615579, -0.93467, 0.9844 
16215.625972, -0.93467, 0.9879 
16215.636192, -0.93467, 0.9825 
16215.658542, -0.96229, 0.9087 
16215.668449, -0.98169, 1.0315 
16215.678750, -1.03269, 0.9410 
16215.688819, -1.07681, 0.9422 
16216.648993, -1.31703, 1.0905 
16216.659676, -1.16703, 1.0314 
16216.670231, -1.28765, 0.9934 
16216.681215, -1.52027, 0.9986 
16217.649294, -1.43490, 1.1156 
16217.659687, -1.48991, 1.1532 
16217.670625, -1.18702, 1.1383 
16217.679792, -1.16236, 1.2432 
16217.694850, -0.90436, 1.0015 
16217.703229, -0.78536, 1.0229 
16217.713148, -0.81968, 1.0624 
16217.724537, -0.82077, 1.1162 
16218.648681, -0.82077, 1.0493 
16218.658148, -0.77421, 0.9953 
16218.667407, -0.68142, 0.9842 
16218.678333, -0.68295, 0.9857 
16218.689271, -0.58346, 0.9427 
16218.698866, -0.43493, 0.9833 
16218.708958, -0.38204, 0.9350 
16218.719363, -0.50459, 0.9261 
16219.771123, +2.52691, 1.1398 
16219.781586, +2.52691, 1.1209 
16219.792407, +2.52691, 1.1365 
16219.802975, +2.52691, 0.9893 
16219.817477, +2.52691, 1.0513 
16219.828113, +2.52691, 1.1547 
16219.838715, +2.52691, 1.1403 
16220.672361, +2.43951, 1.0166 
16220.680370, +2.29624, 0.9960 
16220.688449, +2.27884, 1.0802 
16220.696285, +2.27884, 1.0143 
16220.704873, +2.07786, 1.0539 
16220.712697, +2.07786, 1.0129 
16220.720498, +2.07786, 1.1420 
16220.728345, +2.07786, 1.1086 
16221.664630, +1.95583, 1.0426 
16221.675278, +1.88115, 0.9272 
16221.685880, +1.80111, 0.9899 
16221.696400, +1.70821, 1.0712 
16223.648229, +0.63909, 1.0587 
16223.656771, +0.74827, 1.1506 
16223.665382, +0.74827, 1.1018 
16223.674178, +0.73451, 1.0462 
16223.686516, +0.71745, 1.0385 
16223.695359, +0.63453, 1.0711 
16223.703785, +0.56642, 1.1651 
16223.711829, +0.56642, 1.0557 
16224.621632, +0.56642, 1.0104 
16224.632558, +0.56642, 1.1678 
16224.643484, +0.56642, 1.1778 
16224.653669, +0.47959, 1.2718 
16224.667824, +0.58120, 1.1235 
16224.678414, +0.58537, 1.2194 
16224.688507, +0.35861, 1.2105 
16224.699722, +0.33411, 1.4532 
16225.651586, -0.02252, 0.8968 
16225.661875, -0.26899, 0.9085 
16225.671910, -0.71310, 0.9896 
16225.682118, -0.88577, 0.9878 
16226.667766, -2.56648, 0.9539 
16226.688137, -3.09026, 0.9020 
16226.697581, -3.09026, 0.9738 
16226.711111, -3.09026, 1.0358 
16226.720174, -3.09026, 0.9706 
16226.729329, -3.09026, 1.0972 
16226.738657, -3.09026, 1.0878 
16229.711262, -0.56977, 1.0081 
16229.722211, -0.56977, 0.9545 
16229.732801, -0.56977, 0.9864 
16229.743241, -0.56977, 0.9831 
16229.773970, -0.56977, 0.9997 
16229.784630, -0.56977, 1.0327 
16229.795162, -0.56977, 0.9381 
16229.805868, -0.56977, 0.9268 
16230.636435, -0.56977, 0.9973 
16230.646481, -0.56977, 1.0316 
16230.655660, -0.56977, 0.9996 
16230.664410, -0.56977, 1.0606 
16230.678634, -0.56977, 1.1406 
16230.686308, -0.56977, 1.1852 
16230.694155, -0.56977, 1.1016 
16230.702674, -0.56977, 0.9737 
16231.746979, -0.22768, 0.9222 
16231.757477, -0.22768, 1.0233 
16231.768310, -0.22768, 1.0287 
16231.778646, -0.22768, 0.9918 
16231.791123, -0.22768, 1.0011 
16231.801678, -0.22768, 0.9297 
16231.812106, -0.22768, 1.0878 
16231.823090, -0.22768, 1.0063 
16232.636435, -0.12490, 1.0145 
16232.646447, -0.12490, 1.0053 
16232.655833, -0.09097, 1.0426 
16232.664699, -0.02013, 1.1042 
16232.683183, -0.00218, 1.0605 
16232.691863, -0.00218, 1.0956 
16232.700405, -0.00218, 1.0052 
16232.709016, -0.00218, 1.1431 
16233.608669, +0.36825, 0.9741 
16233.617836, +0.36825, 0.9756 
16233.626736, +0.36825, 0.9871 
16233.635613, +0.32409, 0.9159 
16233.646690, +0.47530, 0.9229 
16233.655590, +0.47745, 0.9712 
16233.664618, +0.63725, 1.0578 
16233.673831, +0.59364, 1.0418 
16234.629965, +0.38756, 1.0491 
16234.640440, -0.07096, 0.8629 
16234.651146, -0.29336, 1.0011 
16234.661852, -0.40278, 0.9606 
16235.625231, -0.74709, 0.9468 
16235.635035, -0.79916, 0.9798 
16235.644537, -1.11856, 0.9879 
16235.655185, -1.44464, 0.9568 
16236.705312, -2.63846, 1.0407 
16236.715949, -2.63846, 1.0705 
16236.726574, -2.63846, 1.0559 
16236.737303, -2.63846, 0.9810 
16237.614838, -2.90878, 1.0408 
16237.625382, -2.82002, 1.0040 
16237.635880, -2.93817, 1.0350 
16237.646076, -3.12710, 1.0517 
16237.655648, -3.19706, 1.1242 
16237.664433, -3.25759, 1.1939 
16237.673576, -3.25759, 1.1740 
16237.683333, -3.25759, 1.0002 
16238.590127, -3.82332, 1.1397 
16238.600764, -3.82332, 1.0947 
16238.611493, -3.82332, 1.0856 
16238.621667, -3.96981, 1.1592 
16238.633958, -3.99937, 1.1057 
16238.644248, -3.98225, 1.1090 
16238.653912, -4.17522, 1.1667 
16238.663229, -4.29799, 1.1272 
16239.663148, -3.96647, 1.0065 
16239.673183, -3.85617, 1.1116 
16239.682928, -3.85617, 0.9945 
16239.693009, -3.85617, 1.0574 
16241.717963, -3.25675, 1.0022 
16241.728611, -3.20508, 0.9763 
16241.739352, -3.23583, 0.9429 
16241.749780, -3.48643, 1.0062 
16242.715764, -2.82712, 0.9666 
16242.726389, -2.69999, 1.0054 
16242.736968, -2.42693, 1.0598 
16242.747558, -2.15900, 1.0445 
16243.662778, -2.20585, 0.9895 
16243.672789, -2.20585, 1.0026 
16243.683519, -2.20585, 0.9766 
16243.694120, -2.20585, 0.9495 
16244.630035, -1.74527, 1.0230 
16244.640741, -1.74527, 0.9621 
16244.651111, -1.74527, 1.0193 
16244.661852, -1.74527, 1.0007 
16245.664734, -1.47941, 0.9843 
16245.674931, -1.47941, 1.0577 
16245.684687, -1.47941, 1.0094 
16245.695012, -1.47941, 1.0429 
16248.621296, +2.12005, 0.9977 
16248.632188, +2.12005, 0.9202 
16248.642894, +2.12005, 1.0084 
16248.653461, +2.12005, 0.9793 
16249.664236, +0.25845, 1.0492 
16250.712407, +1.40305, 0.9129 
16250.722928, +1.40305, 0.9402 
16250.733715, +1.40305, 0.9755 
16250.744340, +1.40305, 0.9192 
16251.604005, +1.40305, 0.9664 
16251.614965, +1.40305, 0.9250 
16251.625475, +1.40305, 1.0311 
16251.636111, +1.40305, 0.9392 
16253.648588, +2.76383, 0.8668 
16253.658495, +2.76383, 0.9591 
16253.668009, +2.09752, 0.8847 
16253.677569, +1.88473, 0.9255 
16254.666377, +1.79626, 0.9981 
16254.675764, +1.54603, 1.0765 
16254.685729, +1.49965, 0.9683 
16254.695660, +1.49965, 0.9911 
16256.703831, -1.35071, 0.9835 
16256.714745, -1.35071, 0.9924 
16256.724988, -1.35071, 0.9712 
16256.735521, -1.35071, 0.9817 
16257.666019, -1.35071, 0.9523 
16257.676817, -1.35071, 1.0592 
16257.687350, -1.35071, 0.9638 
16257.697998, -1.35071, 0.9829 
16259.595451, -1.79865, 0.9620 
16259.604954, -1.79865, 0.9820 
16259.614051, -1.79865, 0.9772 
16259.622998, -1.79865, 1.0479 
16262.599734, -3.02355, 1.0188 
16262.609595, -3.02355, 1.1223 
16262.619734, -2.98321, 1.0709 
16262.629572, -3.00465, 1.0948 
16263.589144, -3.44582, 1.1444 
16263.599687, -3.62075, 1.1113 
16263.610451, -3.57091, 1.1081 
16263.620556, -3.65348, 1.0330 
16264.576806, -3.81726, 1.1654 
16264.587454, -3.81726, 1.2310 
16264.598079, -3.89728, 1.1862 
16264.608727, -4.06356, 1.2533 
16265.614583, -2.03979, 1.0110 
16265.625220, -2.03979, 1.0071 
16265.635729, -2.03979, 1.0713 
16265.646412, -2.03979, 1.1258 
16266.570405, -2.03979, 0.9910 
16266.581100, -2.03979, 1.0539 
16266.591713, -2.03979, 1.0201 
16266.602303, -2.03979, 1.1134 
16268.556076, +0.13953, 0.9747 
16268.564190, +0.13953, 0.9658 
16268.572373, +0.13953, 1.0159 
16268.580243, +0.13953, 0.9835 
16269.600602, -1.34696, 0.9617 
16269.610509, -1.34696, 0.9930 
16269.621111, -1.34696, 0.9545 
16270.539317, -1.34696, 1.0176 
16270.548148, -1.34696, 1.0587 
16270.557512, -1.34696, 1.0534 
16270.568171, -1.34696, 1.0666 
16271.592546, -0.68701, 0.9735 
16271.603183, -0.68701, 0.9203 
16271.613715, -0.68701, 0.9585 
16271.624444, -0.68701, 1.0078 
16276.531343, +1.05230, 0.8989 
16276.554063, +0.99753, 0.8575 
16276.590313, +0.99753, 0.8852 
16276.649444, +1.16272, 0.9100 
16277.516539, +1.16272, 0.9634 
16277.546678, +1.34409, 0.9309 
16277.603438, +1.60542, 0.9953 
16277.622211, +1.68975, 1.0131 
16278.528171, +1.77878, 1.0042 
16278.546829, +1.92951, 0.9382 
16278.582824, +2.05117, 1.0285 
16278.609734, +2.36271, 1.0550 
16279.517164, +2.41995, 1.0417 
16279.554097, +2.50739, 1.1188 
16279.610359, +2.54140, 1.0043 
16279.652743, +2.59365, 1.1020 
16280.587998, +2.96407, 1.1192 
16280.643970, +2.68169, 1.1284 
16282.536979, +3.50812, 0.9648 
16282.579063, +3.63956, 0.9538 
16282.657222, +3.44691, 0.9324 
16282.671181, +3.44691, 0.9209 
16283.544433, +3.60989, 0.9709 
16283.616586, +2.86581, 0.9840 
16283.638472, +2.86581, 0.9933 
16283.681493, +2.66906, 0.9741 
16284.529803, +2.57475, 1.1654 
16284.578449, +2.63688, 0.9838 
16284.599491, +2.63688, 0.9466 
16284.654884, +2.48796, 0.9629 
16285.525081, +2.25925, 0.9861 
16285.557697, +2.12233, 0.9343 
16285.646389, +2.67467, 0.9934 
16288.521863, +4.03298, 0.9217 
16288.560972, +2.94336, 0.9207 
16288.643148, +2.31760, 0.8936 
16289.522164, +2.19923, 1.0150 
16289.581840, +1.90631, 0.9942 
16289.603900, +1.76365, 0.9632 
16289.619340, +1.76365, 1.0550 
16290.518762, +1.27026, 0.9739 
16290.559826, +1.27239, 0.9355 
16290.582095, +1.50022, 0.9574 
16290.642049, +1.16697, 0.8971 
16291.518704, +1.25460, 0.9309 
16291.557199, +1.17391, 0.9824 
16291.642315, +0.70702, 1.0377 
16295.589190, -3.05402, 1.1154 
16295.612708, -3.01975, 1.1571 
16295.636296, -3.01975, 1.1853 
16296.532998, -2.74414, 0.9315 
16296.544618, -2.74414, 1.0079 
16296.574294, -2.57858, 1.0560 
16296.589375, -2.43404, 1.0378 
16297.525764, -2.55421, 1.0375 
16297.563704, -2.15224, 0.9563 
16298.526771, -1.67520, 1.0203 
16298.586910, -1.96103, 0.8726 
16298.608287, -2.04557, 0.9918 
16298.622419, -2.09801, 0.9039 
16299.531169, -2.14588, 0.9948 
16299.562755, -2.14588, 0.9764 
16299.590984, -2.10883, 0.9516 
16299.618472, -2.39070, 1.0229 
16304.529352, -0.53665, 1.0964 
16304.555532, -1.87713, 1.1191 
16304.592338, -1.59704, 1.0757 
16304.604664, -1.59704, 1.1422 
16305.529838, -1.99300, 1.1453 
16305.551829, -1.99300, 1.1799 
16305.574491, -2.32329, 1.1612 
16307.531238, -1.39154, 1.1094 
16307.555023, -0.89302, 1.1221 
16307.579178, -0.89302, 1.1497 
16308.521562, -0.89302, 1.1120 
16308.543113, -0.82707, 1.1511 
16309.527604, +0.34448, 1.0304 
16309.550162, +0.24349, 1.0435 
16310.540498, +0.82762, 1.0763 
16310.561389, +0.76819, 1.1068 
16311.528032, +0.93698, 1.5080 
16311.552604, +0.99042, 1.1820 
16311.576065, +0.46442, 1.2073 
16312.534815, +0.84288, 1.1153 
16312.570405, +0.80484, 1.2197 
16314.543449, -0.23623, 1.1065 
16314.554005, -0.23623, 1.1371 
16314.574259, -0.23623, 1.1360 
16316.535868, +1.48110, 1.0881 
16316.546644, +1.62976, 1.0350 
16316.572257, +1.84977, 1.0248 
16316.582801, +1.87049, 0.9967 
16317.527616, +1.93411, 1.0477 
16317.538356, +2.29968, 1.1135 
16317.566736, +3.03833, 1.1702 
16317.577361, +3.26026, 1.0801 
16318.520197, +3.23678, 1.1307 
16318.530903, +3.10248, 1.0891 
16318.557998, +2.41098, 1.0517 
16318.568588, +2.23653, 1.1256 
16319.523623, +2.23860, 1.1099 
16319.534340, +2.10995, 1.1714 
16319.551539, +2.10995, 1.2901 
16319.561979, +1.37116, 1.1466 
16321.538623, +3.19025, 1.0177 
16321.549456, +2.83564, 1.1085 
16321.570428, +2.59856, 1.0345 
16322.529005, +2.59856, 1.1145 
16322.539711, +1.65788, 0.9657 
16322.565313, +1.18302, 1.0534 
16323.531296, +0.27346, 1.1726 
16323.541771, -0.01248, 1.1702 
16323.570764, -0.48770, 1.0667 
16328.517720, +2.71567, 1.0021 
16328.524792, +2.29286, 1.0283 
16328.531968, +1.82193, 1.0965 
16328.539190, +2.04581, 1.0396 
16328.546111, +1.98294, 1.1410 
16329.518391, +2.17532, 1.1122 
16329.525509, +2.63924, 1.1853 
16329.532593, +3.03498, 1.1985 
16329.539861, +2.41351, 1.2701 
16329.546933, +1.55336, 1.1582 
16330.520069, +1.72518, 1.5304 
16330.528484, +2.12006, 1.4709 
16330.534618, +1.90677, 1.5098 
16330.542060, +1.84025, 1.6605 
16331.527338, +0.98864, 1.5276 
16331.534734, +0.27954, 1.5805 
16331.541192, +0.26437, 1.5754 
16331.548704, +1.24580, 1.7908 
16332.520868, +1.33799, 1.5543 
16332.527998, +1.23582, 1.4492 
16332.535162, +1.27351, 1.3723 
16332.542315, +1.17200, 1.4185 
16332.549421, +1.77709, 1.5059 
16336.517998, +0.14736, 1.2980 
16336.525162, +0.14736, 1.2622 
16336.532396, +0.14736, 1.3665 
16336.539491, +0.14736, 1.3773 
16445.923009, -0.72232, 0.8986 
16445.934028, -0.72232, 0.9149 
16448.920417, +0.13452, 0.9947 
16448.948391, +0.13452, 0.8873 
16457.905266, -3.51057, 1.0554 
16457.946701, -3.47135, 1.0375 
16458.899329, -3.47135, 0.9280 
16458.940845, -3.68884, 0.8963 
16460.946366, -4.49278, 1.1125 
16462.924005, -0.27261, 1.7173 
16472.935613, -1.65218, 0.8703 
16472.958426, -1.73779, 0.8389 
16473.929757, -1.73779, 0.8942 
16473.949514, -1.52346, 0.8916 
16475.896146, -2.41856, 0.7947 
16475.930868, -2.41856, 0.8568 
16476.890359, -2.75980, 0.8770 
16476.933530, -3.35725, 0.9258 
16477.872593, -3.35725, 0.8992 
16477.921042, -3.49017, 0.9463 
16480.874502, -3.46294, 0.8372 
16481.832384, -3.00032, 0.8318 
16481.944711, -1.32841, 0.9569 
16482.829942, -1.32841, 1.0281 
16482.903704, -0.98126, 0.9535 
16485.815127, -1.81280, 0.9046 
16485.882315, -1.07134, 0.8240 
16486.833831, -1.90672, 0.8190 
16486.859641, -1.90672, 0.8216 
16486.924884, -2.12185, 0.8415 
16486.935833, -2.12185, 0.8588 
16487.818380, -2.27484, 0.8639 
16487.869433, -2.92316, 0.9551 
16487.936100, -2.14931, 0.8917 
16488.809363, -2.17535, 0.7981 
16488.904306, -1.92147, 0.8580 
16488.939780, -1.72067, 0.8591 
16492.798623, -2.29187, 0.9641 
16492.928588, -2.29187, 0.8349 
16496.805833, -3.33862, 0.8711 
16496.875810, -3.33446, 0.8384 
16496.912743, -3.33446, 0.9319 
16496.947396, -3.33446, 0.8885 
16497.780544, -3.33446, 0.8454 
16497.843924, -3.52413, 0.8696 
16498.821262, -3.72605, 0.9205 
16498.873530, -3.86351, 1.0718 
16498.907164, -3.86351, 0.9911 
16500.790509, -5.33040, 0.9413 
16500.856088, -4.47732, 0.9148 
16500.894606, -4.47732, 1.0152 
16501.827778, -3.73910, 1.0459 
16501.846667, -4.00327, 1.0499 
16501.913241, -3.57785, 1.0429 
16502.819537, -3.57785, 1.0512 
16502.843472, -3.58141, 0.9980 
16504.782222, -3.73166, 0.9210 
16504.798426, -3.73166, 0.8881 
16504.840799, -3.73166, 0.9402 
16505.869155, -3.42689, 0.9351 
16505.943843, -2.88880, 0.8347 
16506.806563, -2.88880, 0.8731 
16506.899954, -2.69391, 0.8840 
16506.919873, -2.69391, 0.8923 
16508.772361, -3.60964, 0.8506 
16508.839317, -3.60964, 1.0089 
16509.761146, -2.94082, 0.9267 
16509.850671, -2.31774, 0.9033 
16509.913021, -2.03290, 0.9285 
16509.923773, -2.03290, 0.9530 
16509.934352, -2.03290, 0.9513 
16509.945127, -2.03290, 1.0188 
16510.822616, -1.72175, 0.8906 
16510.834850, -1.72175, 0.9772 
16510.880590, -1.62671, 0.9939 
16510.891285, -1.62671, 0.9088 
16510.951551, -1.13763, 0.9382 
16511.791481, -1.13763, 1.2013 
16511.799236, -1.13763, 2.0821 
16512.874630, +0.96653, 0.9317 
16512.885069, +0.96653, 0.9536 
16512.918715, +0.96653, 0.9436 
16513.833275, +0.53042, 0.9005 
16513.934282, +0.38026, 0.9135 
16514.751042, +0.17281, 0.8807 
16514.947650, -0.46751, 0.8440 
16515.743866, -0.46751, 0.8073 
16515.836852, -0.60686, 0.8769 
16516.781782, -1.08537, 0.9730 
16516.821944, -1.08537, 0.9135 
16516.846748, -1.10826, 1.0460 
16516.857870, -1.10826, 0.9099 
16516.888345, -1.14740, 0.9041 
16516.909549, -1.14740, 0.9454 
16516.918762, -1.14740, 1.0351 
16517.747662, -1.29763, 0.9808 
16517.859282, -1.50439, 0.9240 
16517.923044, -1.68025, 0.8199 
16517.934444, -1.68025, 0.8668 
16518.730787, -1.68025, 0.8074 
16518.802083, -1.56402, 0.8351 
16518.842222, -1.77696, 1.0021 
16518.849340, -1.77696, 0.9727 
16518.901065, -1.79771, 0.9145 
16518.908762, -1.79771, 0.9421 
16518.918264, -1.79771, 0.9338 
16519.776065, -1.69998, 0.8518 
16519.836400, -1.84058, 0.8602 
16519.862731, -2.09117, 1.0359 
16519.870799, -2.09117, 1.0126 
16519.938299, -2.21576, 0.9453 
16520.727882, -2.26871, 0.8952 
16520.845150, -1.81741, 0.9665 
16520.937269, -2.02253, 0.8946 
16521.719190, -2.20763, 0.9001 
16521.762616, -2.30937, 0.9869 
16521.769965, -2.30937, 0.9725 
16521.869294, -2.51653, 0.9453 
16521.911863, -2.51653, 1.0642 
16522.744294, -2.32661, 0.8728 
16522.792130, -3.12876, 0.8674 
16522.846794, -2.92690, 0.9356 
16522.928669, -3.08415, 0.8556 
16523.726204, -3.19635, 0.9130 
16523.776701, -3.27757, 0.8934 
16523.820961, -2.94901, 0.9116 
16523.888681, -2.77896, 0.9366 
16524.716227, -2.51243, 0.9765 
16524.795359, -2.14577, 0.9894 
16524.880174, -2.25308, 1.0173 
16524.934433, -1.88857, 1.1262 
16525.712986, -1.88857, 0.8948 
16525.760382, -1.64920, 0.9120 
16525.826771, -1.71616, 0.8758 
16525.880208, -1.61171, 0.9077 
16526.730231, -1.87637, 0.8660 
16526.781782, -1.75131, 0.9827 
16526.838449, -1.66747, 0.9693 
16526.923738, -1.89224, 0.9576 
16529.729028, -3.35573, 0.9468 
16529.785127, -3.25177, 0.8796 
16529.829178, -3.25177, 0.9569 
16529.908079, -3.08678, 0.8899 
16530.689062, -3.08678, 1.0243 
16530.777222, -3.22816, 0.9413 
16530.864097, -3.30053, 0.9366 
16531.705810, -2.97604, 0.9589 
16531.805891, -3.09347, 0.8704 
16531.899132, -3.23823, 0.9272 
16532.712604, -3.20239, 0.9778 
16532.766539, -3.20239, 1.0191 
16532.894167, -3.05719, 0.9274 
16533.689086, -3.04631, 0.9267 
16533.776389, -2.96632, 1.1392 
16533.875359, -2.96632, 1.0713 
16537.710961, -4.15678, 1.0432 
16537.805127, -3.11274, 1.1727 
16537.918484, -3.11274, 1.1867 
16537.931134, -3.20635, 1.2484 
16538.686262, -3.20635, 1.0200 
16538.803958, -3.79571, 1.0109 
16538.923715, -3.78617, 1.2190 
16539.715266, -3.84137, 2.1427 
16539.803796, -3.84137, 1.3146 
16539.935000, -5.60778, 1.9410 
16540.824074, -3.70375, 1.2842 
16541.733634, -2.19756, 1.3661 
16543.725243, -3.08376, 1.0987 
16543.803958, -3.09445, 1.1789 
16543.910301, -3.17567, 1.1216 
16544.703854, -2.34113, 1.1078 
16544.751968, -2.17144, 1.1878 
16544.866678, -1.95699, 1.1228 
16544.917998, -1.73461, 1.1746 
16545.662685, -2.09424, 1.0962 
16545.761424, -1.63840, 1.1784 
16545.834734, -1.63840, 1.0550 
16545.925579, -2.10905, 1.0821 
16546.675868, -2.65050, 1.1082 
16546.750671, -2.65050, 1.0591 
16546.867662, -2.72776, 1.2380 
16546.924549, -2.72776, 1.1224 
16547.825938, -2.60467, 1.2371 
16547.865382, -1.87516, 1.1236 
16548.817616, -0.63695, 1.2399 
16548.845556, -0.13732, 1.3114 
16550.657396, -1.88182, 1.1625 
16550.691748, -1.88182, 0.9832 
16550.720382, -1.88182, 1.0407 
16550.743970, -2.12001, 1.0035 
16550.767546, -2.12001, 1.1243 
16551.641632, -1.93677, 1.0695 
16551.721725, -2.44077, 1.1042 
16551.777338, -2.64847, 1.2257 
16551.910833, -2.64847, 1.0439 
16554.655208, -3.62063, 1.0923 
16554.728542, -2.93591, 1.1679 
16554.833947, -2.93591, 1.1020 
16555.666273, -2.60459, 1.1456 
16555.714282, -2.60459, 1.2174 
16556.635046, -1.52026, 1.0358 
16556.650081, -1.13844, 1.1687 
16556.852141, -1.67646, 1.1478 
16556.866146, -1.67646, 1.1855 
16557.628924, -1.74019, 1.1700 
16557.643414, -1.63757, 1.3719 
16557.658090, -1.66664, 1.2585 
16557.671979, -1.66664, 1.2795 
16557.686123, -1.66664, 1.3443 
16557.700938, -1.66664, 1.4761 
16558.626632, -1.67665, 1.1664 
16558.637025, -1.89619, 1.2050 
16558.707523, -1.46117, 1.2049 
16558.715208, -1.46117, 1.2053 
16558.808241, -1.68023, 1.4056 
16558.817442, -1.68023, 1.4659 
16558.834005, -1.68023, 1.1411 
16558.843773, -1.68023, 1.3106 
16559.634005, -1.47226, 1.3152 
16559.641713, -1.56252, 1.2349 
16559.688958, -1.56252, 1.2399 
16559.696400, -1.56252, 1.2210 
16559.745255, -1.83447, 1.2287 
16559.753507, -1.83447, 1.2533 
16559.765579, -1.83447, 1.1956 
16559.774097, -1.68444, 1.2303 
16560.626505, -1.35543, 1.4184 
16560.633623, -1.35543, 1.4134 
16560.707187, -1.32654, 1.3803 
16560.714618, -1.32654, 1.4773 
16560.772477, -1.41769, 2.0764 
16560.785984, -0.92220, 1.8048 
16560.845440, -0.92101, 1.3416 
16560.852697, -0.92101, 1.4467 
16561.602569, -1.07693, 1.1474 
16561.613796, -1.07693, 1.1791 
16561.800289, -1.20639, 1.2121 
16561.807836, -1.20639, 1.2527 
16561.863391, -0.60886, 1.3063 
16561.872662, -0.60886, 1.2723 
16562.635012, -0.97873, 1.2721 
16562.644687, -0.97873, 1.2414 
16562.817176, -1.37111, 1.2595 
16562.825880, -1.37111, 1.4419 
16562.903461, -1.19475, 1.2865 
16562.914294, -1.19475, 1.2235 
16563.607431, -1.19475, 1.1491 
16563.618495, -1.19475, 1.1060 
16563.653623, -1.36748, 1.1649 
16563.661470, -1.36748, 1.0325 
16563.746065, -1.86936, 1.2227 
16563.755243, -1.86936, 1.2509 
16563.884456, -2.49204, 1.1836 
16563.892882, -2.49204, 1.1432 
16564.674375, -2.97405, 1.3114 
16564.735729, -2.77473, 1.1689 
16564.743461, -2.77473, 1.2724 
16564.801215, -2.90141, 1.3003 
16564.808843, -2.90141, 1.2599 
16565.621169, -3.37329, 1.3156 
16565.631181, -3.37329, 1.3659 
16565.706250, -3.58859, 1.3296 
16565.713414, -3.58859, 1.2881 
16567.688252, -3.43187, 1.2098 
16567.702477, -3.43187, 1.2192 
16567.784919, -3.43187, 1.2712 
16567.795428, -3.43187, 1.2766 
16568.599572, -3.10576, 1.1552 
16568.609444, -3.10576, 1.2284 
16568.631481, -2.96702, 1.3054 
16568.640891, -3.26849, 1.1697 
16568.823449, -3.34426, 1.2667 
16568.833056, -3.66796, 1.2727 
16569.611343, -2.96583, 1.0900 
16569.620347, -2.99308, 1.2783 
16569.628553, -2.99308, 1.3065 
16569.636759, -3.04973, 1.2442 
16569.645810, -2.78913, 1.2993 
16569.654757, -2.78913, 1.3420 
16569.664410, -2.78913, 1.2586 
16569.818785, -2.83239, 1.5368 
16569.831400, -2.84690, 1.6452 
16569.871458, -2.96987, 1.3898 
16569.883681, -2.96987, 1.3436 
16570.617998, -2.95157, 1.2352 
16570.629039, -3.08620, 1.2802 
16570.667674, -2.77118, 1.1860 
16570.688843, -2.77118, 1.2318 
16572.613877, -3.03891, 1.1814 
16572.635891, -2.74261, 1.2510 
16572.695625, -2.76359, 1.1398 
16572.707292, -2.76359, 1.2800 
16572.738437, -2.76359, 1.2361 
16572.749062, -2.76359, 1.2172 
16573.619120, -2.68316, 1.3903 
16573.649549, -2.73474, 1.3155 
16575.581551, +1.44860, 1.2190 
16575.607106, +1.44860, 1.2027 
16577.578461, -0.02854, 1.0835 
16577.608009, -0.02854, 1.2279 
16577.617847, -0.02854, 1.2138 
16578.539780, -0.02854, 1.2764 
16578.568819, -0.02854, 1.1644 
16580.694572, -3.47507, 1.1484 
16580.714525, -3.47507, 1.1678 
16581.718194, -1.07938, 1.1323 
16581.748565, -1.07938, 1.1781 
16582.546701, -1.07938, 1.1783 
16582.574479, -0.64946, 1.1622 
16583.551528, +1.32067, 1.1518 
16583.582037, -0.43456, 1.2769 
16584.733912, -0.29560, 1.5296 
16584.749468, -0.29560, 1.8679 
16585.549525, -0.29560, 1.2178 
16585.574907, -0.29560, 1.1694 
16591.736169, -2.80378, 1.1861 
16591.761343, -2.80378, 1.3059 
16592.538322, -2.80378, 1.2343 
16592.565521, -2.80378, 1.1666 
16594.518194, +0.42632, 1.1746 
16594.635150, -0.26769, 1.2513 
16595.526690, -1.70475, 1.1029 
16595.637604, -2.37415, 1.8494 
16600.514294, -2.15427, 1.2322 
16600.539676, -2.03554, 1.1468 
16601.515498, -2.36352, 1.2506 
16601.541620, -2.48095, 1.1651 
16603.524201, -1.57140, 1.1821 
16603.552431, -1.14352, 1.2216 
16604.529896, -1.95324, 1.2342 
16604.556794, -2.57068, 1.1441 
16606.575127, -3.42754, 1.2795 
16606.608657, -3.42754, 1.5125 
16607.524780, -3.51593, 1.2068 
16607.656227, -2.61618, 1.2176 
16609.525891, -3.28319, 1.2116 
16609.647535, -2.64574, 1.2676 
16610.528218, -1.60475, 1.2806 
16611.693681, +1.71038, 1.3755 
16611.771586, +1.71038, 1.7914 
16612.511586, +1.71038, 1.1830 
16612.538426, +1.71038, 1.3396 
16613.564942, -0.26054, 1.1818 
16613.591852, -0.26054, 1.1056 
16615.700868, -1.28563, 1.3131 
16616.546586, -1.28563, 1.3930 
16616.680683, -1.28563, 1.1709 
16618.534641, +1.06140, 1.4903 
16620.519907, -1.50541, 1.8519 
16620.550810, -1.83788, 1.3555 
16621.524317, -0.18843, 1.3101 
16621.699792, -1.27439, 1.3832 
16622.513634, -1.27439, 1.2470 
16622.542083, -0.86492, 1.2131 
16626.672755, -0.83205, 1.5631 
16626.701817, -0.83205, 1.3459 
16627.564595, -0.83205, 1.7111 
16627.596238, -0.83205, 1.8090 
16628.679711, +0.00407, 2.1770 
16630.546157, +2.58651, 1.5891 
16630.577303, +2.58651, 1.5098 
16631.661377, +8.21209, 1.9835 
16633.625278, +0.19022, 2.5863 
16633.662373, +0.19022, 2.5346 
16636.626181, -3.11904, 1.8985 
16636.665278, +0.39009, 1.9962 
16637.660058, +0.58165, 2.4538 
16639.689028, -1.47009, 2.4936 
16639.720891, -1.47009, 1.5680 
16640.623588, -1.92392, 1.8426 
16640.654560, -1.92392, 1.8196 
16641.526215, -1.84208, 1.6902 
16641.556273, -1.84208, 1.7284 
16642.612442, -1.50148, 2.0796 
16643.646319, -0.08972, 1.8005 
16643.677500, -0.08972, 2.0819 
16645.689340, -2.74313, 1.8229 
16647.640694, -0.04818, 1.9097 
16647.677025, -0.04818, 1.7956 
16648.537280, -0.04818, 1.7097 
16648.568021, -0.04818, 1.9751 
16649.639907, -1.92390, 1.8103 
16649.670208, -1.92390, 1.8160 
16655.539606, -0.33147, 1.1696 
16655.550984, -0.33147, 1.0875 
16659.634919, -4.53734, 1.0015 
16659.653530, -4.53734, 1.1100 
16662.551400, -2.46940, 1.1623 
16662.562477, -2.46940, 1.0873 
16663.530729, -2.46940, 1.2122 
16663.539884, -2.92503, 1.1757 
16664.533623, -3.19919, 1.2774 
16664.545544, -2.78477, 1.2056 
16665.533032, -2.78477, 1.0585 
16665.542546, -2.14614, 1.0589 
16666.534051, -2.16421, 1.0594 
16666.543530, -2.76940, 1.1529 
16671.527546, -2.89355, 1.1005 
16671.538576, -2.89355, 1.1592 
16672.571366, -4.71016, 1.1381 
16672.588218, -4.71016, 1.1476 
16673.552512, -4.12597, 1.1474 
16673.570139, -3.87185, 1.2109 
16674.543414, -4.10757, 1.1711 
16674.555428, -4.20330, 1.1969 
16675.532477, -3.44353, 1.1536 
16675.541100, -3.43565, 1.3508 
16676.533588, -4.32585, 1.1659 
16676.545775, -3.21340, 1.1515 
16677.533322, -3.21340, 1.0963 
16677.542488, -2.66692, 1.2112 
16678.537118, -0.97864, 1.0930 
16678.547361, -1.27710, 1.0752 
16679.528854, -1.27710, 1.1464 
16679.538912, -1.55919, 1.1595 
16680.529583, -1.72200, 1.0625 
16680.540914, -1.84424, 1.0591 
16681.523542, -1.84424, 1.1339 
16681.534514, -1.67679, 1.1592 
16687.522546, +0.24896, 1.1544 
16687.538171, +0.36038, 1.1387 
16688.531910, +0.67086, 1.0901 
16688.550093, +0.19385, 1.1057 
16689.536424, +0.06407, 1.1022 
16689.546389, +0.49131, 1.0834 
16690.538634, +1.07941, 1.0674 
16690.548796, +1.80174, 1.0932 
16691.531389, +1.67783, 1.0289 
16691.545775, +2.41258, 1.0586 
16692.528819, +2.77016, 1.1360 
16692.537060, +2.95175, 1.2102 
16693.533484, +2.20046, 1.1263 
16693.545694, +0.57728, 1.1023 
16695.538600, +0.85070, 1.0518 
16695.548056, +0.85070, 1.1056 
16696.528449, +0.43790, 1.1155 
16696.562130, +1.20342, 1.0856 
16697.515069, +1.20342, 1.2276 
16697.550590, +0.96167, 1.0883 
16698.526910, +1.48257, 1.0027 
16698.538993, +1.48257, 1.0418 
16699.524560, +1.10564, 0.9878 
16702.525579, -1.57612, 1.0971 
16703.525475, -1.57612, 1.0558 
16707.520243, -3.68630, 1.2247 
16708.507245, -3.59943, 1.0978 
16708.511910, -3.54355, 1.1087 
16708.516979, -3.21612, 1.1129 
16709.503032, -3.21397, 1.1858 
16709.508322, -3.07429, 1.1909 
16709.513519, -3.21544, 1.1096 
16710.506574, -2.05605, 1.0737 
16710.510856, -1.89599, 1.0313 
16710.515475, -2.05711, 1.1019 
16711.509329, -1.07128, 0.9744 
16711.515891, -0.61065, 0.9324 
16711.522743, -1.08410, 0.9926 
16712.505000, -1.08410, 1.1246 
16712.510880, -0.69663, 1.0658 
16712.517002, -0.65728, 1.0782 
16713.510845, -1.32196, 1.0121 
16713.521250, -0.64064, 0.9463 
16713.531701, -0.64064, 0.9749 
16714.506319, -0.64064, 1.0669 
16714.512546, -0.73791, 1.0184 
16714.518704, -0.65472, 1.0166 
16715.508831, -0.33173, 1.0549 
16715.514549, -0.27151, 1.1023 
16715.520660, -0.42466, 1.1678 
16827.908576, -3.21737, 1.0444 
16827.917789, -3.21737, 0.9867 
16829.878484, -3.32370, 1.0650 
16829.887234, -3.32370, 1.0491 
16830.965764, -1.66086, 1.1313 
16830.977130, -1.66086, 2.7798 
16831.861667, -1.82308, 1.1793 
16831.872975, -2.00293, 1.1116 
16832.858796, -3.98026, 1.0416 
16832.871597, -3.51610, 0.9732 
16835.884074, -1.16883, 0.9294 
16835.896806, -1.16883, 0.9674 
16836.863912, -1.12360, 1.0631 
16836.878183, -1.12360, 1.0683 
16837.845718, -0.88134, 1.0439 
16837.856516, -1.07484, 1.0473 
16838.849850, -2.77738, 1.0013 
16838.859884, -2.67593, 0.9978 
16839.835822, -2.67593, 0.9997 
16839.852060, -2.95163, 0.9341 
16840.919456, -1.53818, 0.9576 
16840.934282, -1.53818, 1.0153 
16841.875220, -1.53818, 1.0546 
16841.896493, -1.53818, 1.0096 
16844.827118, -1.72038, 1.0018 
16844.837488, -1.72038, 0.9812 
16845.846875, -1.42907, 1.0120 
16845.855405, -1.42907, 1.0919 
16846.822083, -1.47824, 0.9793 
16846.840428, -2.02405, 0.9642 
16847.821053, -1.54753, 1.0087 
16847.831273, -1.20522, 1.0285 
16848.821019, -1.40877, 1.0547 
16848.830417, -1.32006, 1.1333 
16850.809144, -0.39210, 1.0358 
16850.820891, -0.28758, 0.9767 
16851.819271, -0.78197, 1.0426 
16851.832083, -1.00354, 1.0373 
16852.821215, -1.37099, 0.9809 
16852.834502, -1.52004, 0.9602 
16855.798970, -2.31363, 1.0412 
16855.809421, -2.31363, 1.0047 
16857.818160, -3.10472, 1.0031 
16857.828993, -3.10472, 1.0968 
16858.791979, -3.34166, 1.0115 
16858.800868, -3.34166, 1.0614 
16858.960521, -3.57845, 1.1493 
16858.971817, -3.57845, 1.2416 
16859.791586, -3.57845, 0.9387 
16859.826620, -3.72089, 0.9552 
16863.775139, -4.95584, 0.9372 
16863.787535, -4.95584, 0.9591 
16863.882801, -4.48058, 0.9381 
16863.894306, -4.28198, 0.9769 
16864.795775, -4.15961, 1.0207 
16864.806470, -4.15961, 0.9913 
16864.881481, -4.15961, 1.1296 
16864.886551, -4.06212, 1.0657 
16864.892546, -4.06212, 1.1014 
16866.891181, -3.31257, 1.0158 
16866.902870, -3.31257, 1.0965 
16867.797315, -3.31257, 1.6942 
16867.832801, -3.31257, 1.8159 
16870.751169, -4.73522, 0.9655 
16870.760787, -4.73522, 1.0609 
16872.775185, -3.67466, 1.1411 
16872.779826, -3.67466, 1.2947 
16872.784352, -3.67466, 1.1469 
16872.788866, -3.67466, 1.1020 
16872.803206, -3.67466, 1.1852 
16872.808229, -3.67466, 1.2040 
16872.813299, -3.67466, 1.1312 
16878.799618, -0.53831, 1.0283 
16878.803102, -0.53831, 1.0284 
16878.806505, -0.53831, 1.0120 
16878.810000, -0.96866, 1.0738 
16878.825532, -1.80372, 1.0853 
16878.828912, -1.80372, 1.0772 
16878.832743, -1.80372, 1.0046 
16879.807951, -2.03012, 1.1001 
16879.811562, -2.09336, 1.1273 
16879.815208, -2.09336, 1.0152 
16879.818762, -2.00942, 1.1356 
16879.837998, -2.33966, 1.0800 
16879.841690, -2.33966, 1.0171 
16879.845116, -2.33966, 0.9714 
16880.780081, -2.33966, 1.0106 
16880.784317, -2.33966, 1.0367 
16880.788461, -2.33966, 1.0014 
16880.792338, -2.17140, 1.0556 
16880.811470, -2.02524, 1.0416 
16880.815498, -1.67904, 1.0208 
16880.819259, -1.51144, 1.0876 
16881.789375, -1.04489, 1.0225 
16881.793530, -0.93146, 1.0556 
16881.797789, -0.93146, 0.9624 
16881.802442, -0.89195, 1.0002 
16881.818194, -0.68668, 1.0330 
16881.822222, -0.58362, 1.1565 
16881.826319, -0.58362, 1.1289 
16882.776725, -0.58362, 0.9936 
16882.780278, -0.58362, 1.0300 
16882.783958, -0.58362, 1.0916 
16882.787674, -0.58362, 1.0773 
16882.801042, -0.55009, 1.1590 
16882.804734, -0.25158, 1.1498 
16882.808449, -0.25158, 1.2165 
16883.838657, -2.28426, 1.1350 
16883.842755, -2.28426, 1.1760 
16883.847454, -2.28426, 1.1537 
16883.852755, -2.28426, 1.1741 
16883.869352, -2.28426, 1.0551 
16883.872928, -2.28426, 1.1562 
16883.876690, -2.28426, 1.1783 
16884.733194, -2.28426, 1.0590 
16884.736644, -2.28426, 1.0059 
16884.739931, -2.28426, 1.1124 
16884.743194, -2.28426, 1.1117 
16884.756551, -2.28426, 1.1379 
16884.760023, -2.28426, 1.0753 
16884.763299, -2.28426, 1.1119 
16885.790440, -2.02809, 1.1110 
16885.796157, -2.02809, 1.1303 
16885.801944, -2.02809, 1.1612 
16885.807523, -2.02809, 1.2659 
16885.827940, -2.33973, 1.1137 
16885.834051, -2.33973, 1.1464 
16885.839838, -2.17572, 1.2253 
16886.811146, -2.43526, 1.0810 
16886.815197, -2.43526, 1.0667 
16886.819225, -2.43526, 1.0773 
16886.823252, -2.43526, 1.1095 
16886.836713, -2.82916, 1.1290 
16886.840590, -2.80907, 1.0593 
16886.845174, -2.80907, 1.1094 
16887.787836, -2.80907, 1.2505 
16887.791516, -2.80907, 1.0752 
16887.795174, -2.77477, 1.0545 
16887.798692, -2.70051, 1.1844 
16887.827975, -2.98131, 1.1254 
16887.831169, -2.98131, 1.1157 
16887.834583, -2.98131, 1.0643 
16888.793079, -3.62571, 1.0691 
16888.796123, -3.58183, 1.1527 
16888.799109, -3.38232, 1.2399 
16888.802002, -3.38232, 1.2504 
16888.813171, -3.38232, 1.1486 
16888.816088, -3.38232, 1.1693 
16888.818924, -3.38232, 1.1649 
16891.879236, -3.44459, 1.0994 
16891.882639, -3.44459, 1.1569 
16891.885995, -3.44459, 1.0621 
16891.889213, -3.44459, 1.0934 
16891.903229, -3.44459, 1.0866 
16891.906238, -3.44459, 1.1172 
16891.909317, -3.44459, 1.1708 
16892.776863, -3.44459, 0.9748 
16892.783657, -3.44459, 1.1118 
16894.728056, -3.64244, 1.1101 
16894.738067, -3.64244, 1.0644 
16894.745972, -3.73908, 0.9925 
16894.753299, -3.73908, 1.0306 
16894.781238, -3.73908, 1.0214 
16894.789861, -3.73908, 1.0692 
16894.802824, -3.73908, 1.2089 
16895.712569, -3.73908, 1.0616 
16895.716181, -3.73908, 0.9852 
16895.719965, -3.73908, 1.0991 
16895.723854, -3.73908, 1.0245 
16895.738275, -3.64099, 1.0537 
16895.741968, -3.73216, 0.9797 
16895.745775, -3.62710, 1.0684 
16896.738588, -3.48509, 1.0043 
16896.743738, -3.36316, 1.0290 
16896.748600, -3.01623, 1.0476 
16896.753206, -3.01623, 1.0614 
16896.770162, -3.01623, 1.0323 
16896.774491, -3.01623, 1.0527 
16896.778623, -3.01623, 1.0345 
16903.674282, -4.31732, 1.1666 
16903.683565, -4.31732, 1.1595 
16903.695324, -4.31732, 1.1745 
16904.698275, -4.51014, 1.1697 
16904.702384, -4.51014, 1.1004 
16904.706343, -4.51014, 1.1839 
16904.710706, -4.51014, 1.1436 
16904.725891, -4.51014, 1.1260 
16904.729907, -4.51014, 1.0973 
16904.734213, -4.51014, 1.1212 
