MRJD, smoothRV(m/s), error(m/s)
16091.924664, +1.45606, 1.3957 
16091.931898, +0.88088, 1.3801 
16091.939062, +0.63249, 1.3693 
16091.945810, +0.91530, 1.3874 
16094.959618, +0.27456, 1.3878 
16112.936574, -0.16388, 1.0597 
16112.943970, +0.17510, 1.0041 
16112.951771, +0.78988, 1.0645 
16113.833345, +0.51129, 0.9724 
16113.840556, +1.00887, 1.0539 
16113.847801, +1.33284, 0.9340 
16113.854919, +1.71819, 1.0252 
16113.862049, +2.40661, 1.0287 
16113.869248, +2.56650, 1.0481 
16115.850000, +2.81830, 0.9611 
16115.857188, +2.48659, 1.0288 
16115.864294, +2.66557, 1.0020 
16115.871481, +2.71678, 0.9374 
16115.878600, +2.45894, 1.0748 
16115.885810, +2.09630, 1.1125 
16116.836146, +2.03899, 1.0521 
16116.843275, +2.53497, 1.0457 
16116.850463, +2.23860, 1.0280 
16116.857593, +2.09858, 1.0306 
16116.864688, +1.89412, 1.0220 
16116.871968, +2.47823, 1.0287 
16117.888137, +2.26005, 0.9636 
16117.895208, +2.15988, 1.0669 
16117.902396, +2.55507, 1.0710 
16117.909502, +2.12754, 1.0861 
16117.916678, +2.12906, 1.1029 
16117.923796, +1.88457, 1.1096 
16118.837477, +1.77159, 0.9291 
16118.844653, +1.71939, 1.0349 
16118.851817, +1.51583, 1.0714 
16118.858889, +2.01240, 1.0292 
16118.866088, +1.88193, 0.9526 
16118.873218, +1.56768, 0.9199 
16119.881227, +1.99871, 0.9164 
16119.888264, +1.20398, 0.9959 
16119.895521, +1.84698, 0.8945 
16119.918021, +1.93149, 0.9253 
16119.925081, +1.74880, 0.9091 
16119.932234, +1.96426, 0.9169 
16120.841111, +1.51390, 1.2665 
16120.848414, +2.21904, 1.1963 
16120.855475, +1.50972, 1.2069 
16120.862650, +1.87733, 1.1781 
16120.869769, +2.66151, 1.1915 
16120.876910, +2.36943, 1.2371 
16121.807743, +2.94634, 1.0529 
16121.814676, +2.67286, 1.1126 
16121.822002, +2.81166, 1.4315 
16121.829236, +2.71405, 1.3595 
16121.836887, +2.51924, 1.4193 
16121.843819, +2.67693, 1.2583 
16123.813229, +2.49312, 0.9023 
16123.820336, +2.93841, 0.9484 
16123.827627, +3.39442, 0.9272 
16123.834618, +3.66777, 1.0147 
16123.841875, +3.81254, 0.9285 
16123.848958, +3.86183, 1.0493 
16125.795278, +3.79321, 1.0519 
16125.802338, +3.62179, 1.1061 
16125.809595, +2.91634, 1.0771 
16125.816701, +2.22166, 1.1289 
16125.823970, +1.65311, 1.1150 
16125.831157, +1.61524, 1.0830 
16125.856273, +1.44961, 0.9510 
16125.863449, +1.48646, 1.0655 
16125.870370, +1.90373, 1.0439 
16125.877778, +1.90741, 1.0483 
16125.884907, +1.94093, 1.0317 
16125.892049, +1.76105, 1.0217 
16126.805822, +1.45015, 1.0392 
16126.813009, +1.48227, 1.0404 
16126.820220, +1.40892, 1.0580 
16126.827431, +1.74073, 1.0600 
16126.834456, +1.73535, 1.0080 
16126.841678, +2.15186, 1.0778 
16127.891053, +2.42649, 1.0085 
16127.898218, +2.41333, 1.0798 
16128.901505, +1.96157, 1.1732 
16128.908090, +1.21707, 1.4426 
16128.915162, +1.32531, 1.3033 
16128.923611, +0.43888, 1.2180 
16128.930278, -0.14892, 1.1668 
16128.937187, -1.44466, 1.0792 
16129.862766, -1.66054, 1.1045 
16129.871146, -1.00393, 1.2619 
16129.875532, -1.66215, 1.3499 
16129.891597, -1.04814, 1.3629 
16129.898299, -1.13388, 1.4385 
16131.853264, -0.67889, 1.0079 
16131.860139, -0.75847, 1.2069 
16131.867546, -1.50851, 1.2561 
16131.874977, -1.04715, 1.2735 
16131.882164, -1.25431, 1.3006 
16131.888912, -0.86454, 1.2938 
16132.889699, -0.79867, 1.0118 
16132.896794, -0.59522, 0.9350 
16132.904039, -0.89294, 1.0063 
16132.911157, -1.75129, 0.9195 
16132.918275, -2.08694, 1.0551 
16132.925498, -1.91268, 1.0399 
16133.871551, -1.73769, 1.0720 
16133.878704, -1.58774, 1.0404 
16133.885880, -1.41265, 1.0265 
16133.892975, -0.67277, 1.1052 
16135.882083, -0.46729, 1.1113 
16135.889144, -0.02869, 1.0816 
16135.896285, -0.66336, 1.1177 
16135.903519, -0.78600, 1.1683 
16135.910648, -0.34823, 1.1671 
16135.917836, +0.43552, 1.2057 
16146.799410, +0.87977, 0.9813 
16146.809988, +1.25312, 1.0869 
16146.820486, +2.40290, 1.0805 
16146.831447, +2.91929, 1.1460 
16146.843507, +3.72843, 1.2180 
16146.854259, +3.33768, 1.0841 
16146.864595, +3.47059, 1.0492 
16146.875093, +3.04203, 1.0357 
16147.915486, +2.57027, 1.1111 
16147.925914, +2.20805, 1.0220 
16149.899028, +1.82203, 0.9342 
16149.941667, +1.65152, 0.8839 
16149.952373, +1.09550, 1.0027 
16151.825023, +0.98172, 1.0279 
16151.835567, +1.48481, 1.0120 
16151.846111, +1.58852, 0.9945 
16151.856725, +1.77657, 1.0215 
16151.879537, +1.70087, 0.9825 
16151.900521, +1.63461, 1.0404 
16151.911979, +1.49485, 1.0414 
16151.933252, +0.78697, 1.0642 
16158.828692, +0.30280, 1.1881 
16158.839583, -0.79843, 1.1385 
16158.849907, -1.08113, 1.2139 
16158.860822, -0.87205, 1.1296 
16159.869178, -0.66701, 1.0542 
16159.879525, -0.18108, 0.9769 
16159.888611, +0.42062, 1.1432 
16159.897025, -0.01401, 0.9754 
16159.911377, +0.21439, 1.0048 
16159.927454, +0.58330, 0.9972 
16159.937847, +0.42481, 1.0742 
16159.948461, +0.78987, 1.0153 
16159.959491, -0.53340, 1.9336 
16160.839282, +1.46706, 1.0180 
16160.847407, +1.16469, 1.1289 
16160.882697, +1.19873, 1.3794 
16160.893183, +0.92620, 1.3393 
16160.902488, +0.39133, 1.1942 
16160.912523, +1.93125, 1.1882 
16164.837350, +1.22838, 0.9038 
16164.847870, +1.14961, 0.9654 
16164.858530, +0.80286, 0.9375 
16164.869005, +0.91645, 0.9481 
16164.926262, +0.85345, 1.0354 
16164.936794, +0.29496, 1.0341 
16164.947743, -0.08791, 1.0709 
16165.772234, +0.48684, 1.0157 
16165.782928, +0.18510, 0.9122 
16165.793576, +0.08186, 0.9808 
16165.804282, -0.46208, 0.9446 
16166.838333, -0.43125, 1.0293 
16166.849144, -0.82338, 1.1759 
16166.859549, -0.83995, 1.1789 
16166.870278, -0.51523, 1.2172 
16166.927025, -0.88240, 1.1622 
16166.937662, +0.09464, 1.1118 
16166.948194, -0.61130, 1.1280 
16167.810116, -0.24967, 0.9904 
16167.821412, -0.46466, 1.0248 
16167.832049, -0.88673, 1.1009 
16167.842396, -0.49116, 0.9273 
16168.835938, -0.82991, 0.9598 
16168.846620, -0.28778, 1.0443 
16168.857072, -0.43089, 1.0200 
16168.867743, -0.61299, 1.0297 
16168.924271, -0.87069, 0.9961 
16168.935058, -1.05450, 1.1137 
16168.945799, -1.05815, 1.0877 
16171.756898, -0.82444, 0.9773 
16171.767558, -0.60987, 1.0672 
16171.777847, -0.54839, 1.0066 
16171.787766, -0.92036, 0.9892 
16172.837106, -1.00507, 1.0121 
16172.847558, -1.54472, 0.9644 
16172.858380, -1.76895, 1.0527 
16172.868924, -2.20936, 0.9155 
16175.799294, -2.47288, 0.9859 
16175.809699, -1.45567, 0.9810 
16175.819884, -0.92450, 0.9710 
16175.830417, -0.50500, 0.9938 
16178.864711, -0.60389, 0.9786 
16178.875243, -0.33634, 1.1352 
16178.886100, +0.28110, 1.0861 
16178.896620, +0.18498, 1.0869 
16179.812870, -0.18789, 0.9227 
16179.823391, -0.77244, 0.9605 
16179.833252, -0.85679, 1.0075 
16179.842465, -0.44043, 1.0752 
16182.809306, -0.52556, 1.0188 
16182.817870, -0.53595, 0.9633 
16182.826539, -0.31693, 0.9532 
16182.836250, +0.01935, 0.9274 
16184.814560, +0.44938, 1.1017 
16184.822847, +0.35321, 1.0832 
16184.831505, +0.13887, 1.0365 
16184.840127, +0.39338, 1.0866 
16186.744132, +0.06258, 0.9505 
16186.751898, +0.23281, 0.9937 
16186.759549, +0.17575, 1.0109 
16186.767361, -0.20473, 1.0158 
16186.776678, -0.34628, 1.0988 
16186.784086, -0.53713, 1.1013 
16186.791447, -0.19295, 1.0828 
16186.798762, -0.43091, 1.0714 
16187.799803, -0.78471, 1.0775 
16187.808715, -0.43792, 1.0163 
16187.817882, -0.38253, 0.9659 
16187.827488, -0.16637, 1.0092 
16189.761111, -1.13725, 1.0246 
16189.771458, -1.42170, 1.0095 
16189.781759, -1.28439, 0.9621 
16189.792616, -1.13003, 1.1052 
16190.786134, -0.81903, 1.1607 
16190.796863, -1.03029, 1.2255 
16190.807581, -0.16910, 1.2248 
16190.818218, +0.70154, 1.2920 
16192.794583, +0.60108, 1.0685 
16192.805289, +0.07310, 1.1002 
16192.815868, -0.10608, 1.0074 
16192.826609, -0.22032, 1.0239 
16194.779167, +0.03155, 1.1298 
16194.789734, -0.41615, 1.0978 
16194.800162, +0.04209, 1.0559 
16194.811065, +0.40210, 1.0982 
16196.844954, +0.32721, 0.9859 
16196.853877, +0.56587, 1.0834 
16196.863079, +0.01081, 1.0605 
16196.872836, +0.02354, 1.0541 
16196.886736, -0.51111, 0.9279 
16196.897222, -0.81283, 1.0519 
16196.908102, -0.88873, 0.9554 
16196.916273, -1.17895, 1.1411 
16197.666019, -0.93001, 1.0230 
16197.675648, -0.60913, 0.9477 
16197.685891, -0.60943, 1.0664 
16197.718090, -0.68974, 1.2318 
16197.749942, -0.64697, 0.9762 
16197.760440, -0.67554, 0.9673 
16197.771192, -0.83748, 1.0513 
16198.816551, -1.33607, 1.1034 
16198.827315, -1.10300, 1.0196 
16198.837836, -0.77181, 1.0269 
16198.848380, -0.99335, 1.0959 
16199.718519, -0.75983, 0.8830 
16199.729213, -0.55825, 0.9104 
16199.739676, -0.41510, 0.9743 
16199.750382, -0.58721, 0.8805 
16199.767616, -1.11169, 0.9403 
16199.778056, -1.18065, 1.0136 
16199.788796, -1.63008, 0.9163 
16199.799028, -2.14752, 1.0159 
16200.762106, -2.17844, 1.0136 
16200.772627, -2.48671, 0.9468 
16200.783264, -2.07944, 1.0116 
16200.793877, -2.15216, 1.0347 
16201.640405, -1.97479, 0.9090 
16201.650833, -1.73982, 0.9331 
16201.661262, -2.00682, 0.9529 
16201.671771, -1.77343, 0.9845 
16201.737778, -2.35287, 1.0741 
16201.748704, -1.83409, 1.0275 
16201.759491, -2.23986, 1.0012 
16201.769826, -1.98887, 1.0176 
16202.642650, -1.65707, 0.9927 
16202.653194, -1.91244, 0.8842 
16202.664051, -1.71038, 1.0128 
16202.674537, -1.82124, 0.9250 
16202.745891, -1.41001, 0.9206 
16202.756794, -1.43806, 0.9811 
16202.767303, -1.56106, 0.9945 
16202.777778, -1.04545, 0.9638 
16203.631181, -0.82561, 0.9094 
16203.641771, -0.77648, 0.9590 
16203.652708, -0.61881, 0.9633 
16203.663032, -1.28148, 0.9300 
16203.717315, -1.38992, 1.0173 
16203.728715, -1.76686, 1.0006 
16203.739097, -1.93439, 0.8942 
16203.749421, -2.32427, 0.9888 
16204.630382, -2.41581, 0.9939 
16204.641447, -2.15341, 1.0111 
16204.651852, -1.98365, 0.9865 
16204.662106, -1.75731, 0.9509 
16204.714838, -0.90074, 1.0132 
16204.723935, -0.50049, 1.0836 
16204.733218, -0.22627, 0.9576 
16204.743970, -0.15484, 0.9651 
16205.635266, +0.31617, 1.3820 
16205.645995, +0.70665, 1.5176 
16210.629097, +0.34282, 1.1310 
16210.639792, +0.18590, 1.0615 
16210.650498, +0.26161, 0.9535 
16210.660856, +0.97193, 1.0382 
16210.676678, +0.96480, 1.0149 
16210.687118, +0.42272, 1.0234 
16210.697766, +0.18841, 0.9902 
16210.708519, +0.38974, 0.9749 
16211.628912, +0.14516, 1.0543 
16211.639861, -0.57231, 1.0698 
16211.650417, -0.75542, 0.9918 
16211.660995, -0.49979, 0.9345 
16211.673356, -0.45601, 1.0402 
16211.684063, -0.75017, 1.0473 
16211.694606, -1.21359, 1.0477 
16211.705231, -0.83416, 1.0702 
16212.638148, -1.39251, 1.1118 
16212.645868, -1.37092, 1.1367 
16212.653576, -1.08254, 1.0628 
16212.661030, -1.22372, 1.0435 
16212.685428, -1.00064, 1.1412 
16212.693206, -1.00457, 1.0485 
16212.700961, -1.15620, 1.0725 
16212.709120, -1.47479, 0.9819 
16213.609618, -1.74998, 1.0167 
16213.620417, -1.40681, 0.9554 
16213.630903, -1.17196, 0.9575 
16213.641331, -1.39372, 1.0064 
16213.683229, -0.79627, 0.9970 
16213.693079, -0.49135, 1.0056 
16213.701979, -0.82899, 1.0486 
16213.710602, -0.99737, 0.9930 
16214.639398, -1.24679, 1.0271 
16214.649630, -1.25219, 1.0193 
16214.660174, -1.29706, 1.0194 
16214.670637, -1.30772, 0.9820 
16214.686794, -1.31051, 0.9973 
16214.696655, -1.03170, 0.9726 
16214.706296, -0.70612, 0.9937 
16214.715706, -0.86930, 0.9951 
16215.605081, -0.99096, 0.9901 
16215.615579, -0.74440, 0.9844 
16215.625972, -0.41036, 0.9879 
16215.636192, -0.65993, 0.9825 
16215.658542, -0.89955, 0.9087 
16215.668449, -0.94718, 1.0315 
16215.678750, -1.11811, 0.9410 
16215.688819, -1.51179, 0.9422 
16216.648993, -1.81527, 1.0905 
16216.659676, -1.70939, 1.0314 
16216.670231, -1.87832, 0.9934 
16216.681215, -1.74702, 0.9986 
16217.649294, -1.55199, 1.1156 
16217.659687, -1.17864, 1.1532 
16217.670625, -1.07855, 1.1383 
16217.679792, -1.16040, 1.2432 
16217.694850, -1.10150, 1.0015 
16217.703229, -0.62701, 1.0229 
16217.713148, -0.61081, 1.0624 
16217.724537, -0.52761, 1.1162 
16218.648681, -0.15521, 1.0493 
16218.658148, -0.17979, 0.9953 
16218.667407, -0.06542, 0.9842 
16218.678333, +0.28778, 0.9857 
16218.689271, +0.69718, 0.9427 
16218.698866, +0.93264, 0.9833 
16218.708958, +1.21070, 0.9350 
16218.719363, +1.78469, 0.9261 
16219.771123, +1.92791, 1.1398 
16219.781586, +2.21009, 1.1209 
16219.792407, +2.40800, 1.1365 
16219.802975, +2.41613, 0.9893 
16219.817477, +2.43677, 1.0513 
16219.828113, +2.37805, 1.1547 
16219.838715, +2.99932, 1.1403 
16220.672361, +2.74462, 1.0166 
16220.680370, +2.52093, 0.9960 
16220.688449, +2.73923, 1.0802 
16220.696285, +2.50166, 1.0143 
16220.704873, +2.20373, 1.0539 
16220.712697, +1.90927, 1.0129 
16220.720498, +1.16705, 1.1420 
16220.728345, +1.12658, 1.1086 
16221.664630, +0.34494, 1.0426 
16221.675278, +0.00385, 0.9272 
16221.685880, +0.18596, 0.9899 
16221.696400, -0.01525, 1.0712 
16223.648229, +0.35829, 1.0587 
16223.656771, +0.73093, 1.1506 
16223.665382, +1.19699, 1.1018 
16223.674178, +1.17396, 1.0462 
16223.686516, +0.90454, 1.0385 
16223.695359, +0.93031, 1.0711 
16223.703785, +1.13825, 1.1651 
16223.711829, +0.66178, 1.0557 
16224.621632, +0.39474, 1.0104 
16224.632558, +0.48305, 1.1678 
16224.643484, +0.49384, 1.1778 
16224.653669, +0.30597, 1.2718 
16224.667824, -0.11424, 1.1235 
16224.678414, -0.01596, 1.2194 
16224.688507, -0.53616, 1.2105 
16224.699722, -0.94567, 1.4532 
16225.651586, -1.31700, 0.8968 
16225.661875, -2.03441, 0.9085 
16225.671910, -2.57889, 0.9896 
16225.682118, -3.26551, 0.9878 
16226.667766, -3.32823, 0.9539 
16226.688137, -3.10806, 0.9020 
16226.697581, -2.73520, 0.9738 
16226.711111, -2.17448, 1.0358 
16226.720174, -1.48909, 0.9706 
16226.729329, -1.28626, 1.0972 
16226.738657, -1.11892, 1.0878 
16229.711262, -1.03708, 1.0081 
16229.722211, -1.31270, 0.9545 
16229.732801, -1.31356, 0.9864 
16229.743241, -1.08235, 0.9831 
16229.773970, -0.94369, 0.9997 
16229.784630, -0.64815, 1.0327 
16229.795162, -0.38762, 0.9381 
16229.805868, -0.17722, 0.9268 
16230.636435, +0.33593, 0.9973 
16230.646481, -0.17740, 1.0316 
16230.655660, -0.06682, 0.9996 
16230.664410, -0.34329, 1.0606 
16230.678634, -0.49023, 1.1406 
16230.686308, -0.64840, 1.1852 
16230.694155, -0.85628, 1.1016 
16230.702674, -0.90134, 0.9737 
16231.746979, -0.54846, 0.9222 
16231.757477, -0.41323, 1.0233 
16231.768310, -0.59521, 1.0287 
16231.778646, -0.15823, 0.9918 
16231.791123, -0.57541, 1.0011 
16231.801678, -0.65722, 0.9297 
16231.812106, -0.74623, 1.0878 
16231.823090, -0.31160, 1.0063 
16232.636435, +0.05569, 1.0145 
16232.646447, +0.25743, 1.0053 
16232.655833, +0.54662, 1.0426 
16232.664699, +0.81663, 1.1042 
16232.683183, +0.38185, 1.0605 
16232.691863, +0.10485, 1.0956 
16232.700405, +0.51873, 1.0052 
16232.709016, +0.32660, 1.1431 
16233.608669, +0.27359, 0.9741 
16233.617836, +0.62340, 0.9756 
16233.626736, +0.90411, 0.9871 
16233.635613, +0.86138, 0.9159 
16233.646690, +0.53002, 0.9229 
16233.655590, +0.46649, 0.9712 
16233.664618, +0.62192, 1.0578 
16233.673831, -0.21081, 1.0418 
16234.629965, -0.52585, 1.0491 
16234.640440, -0.68390, 0.8629 
16234.651146, -1.11856, 1.0011 
16234.661852, -1.10135, 0.9606 
16235.625231, -1.53430, 0.9468 
16235.635035, -1.09539, 0.9798 
16235.644537, -1.13338, 0.9879 
16235.655185, -1.18254, 0.9568 
16236.705312, -1.52676, 1.0407 
16236.715949, -2.33295, 1.0705 
16236.726574, -2.26710, 1.0559 
16236.737303, -2.59377, 0.9810 
16237.614838, -3.00972, 1.0408 
16237.625382, -3.53817, 1.0040 
16237.635880, -3.75016, 1.0350 
16237.646076, -3.69381, 1.0517 
16237.655648, -4.19685, 1.1242 
16237.664433, -4.29969, 1.1939 
16237.673576, -3.84720, 1.1740 
16237.683333, -3.85254, 1.0002 
16238.590127, -4.10437, 1.1397 
16238.600764, -4.19977, 1.0947 
16238.611493, -4.15360, 1.0856 
16238.621667, -4.29628, 1.1592 
16238.633958, -4.84690, 1.1057 
16238.644248, -4.63163, 1.1090 
16238.653912, -4.04813, 1.1667 
16238.663229, -4.00965, 1.1272 
16239.663148, -4.18014, 1.0065 
16239.673183, -4.27693, 1.1116 
16239.682928, -3.62638, 0.9945 
16239.693009, -3.18694, 1.0574 
16241.717963, -3.20508, 1.0022 
16241.728611, -3.07087, 0.9763 
16241.739352, -3.03922, 0.9429 
16241.749780, -2.74483, 1.0062 
16242.715764, -2.33020, 0.9666 
16242.726389, -2.52150, 1.0054 
16242.736968, -2.44916, 1.0598 
16242.747558, -2.37887, 1.0445 
16243.662778, -1.70631, 0.9895 
16243.672789, -1.35232, 1.0026 
16243.683519, -2.08150, 0.9766 
16243.694120, -2.36489, 0.9495 
16244.630035, -2.27861, 1.0230 
16244.640741, -1.78347, 0.9621 
16244.651111, -1.60699, 1.0193 
16244.661852, -0.64685, 1.0007 
16245.664734, -0.14566, 0.9843 
16245.674931, +0.75735, 1.0577 
16245.684687, +1.38435, 1.0094 
16245.695012, +1.43203, 1.0429 
16248.621296, +1.83561, 0.9977 
16248.632188, +1.00948, 0.9202 
16248.642894, +1.04738, 1.0084 
16248.653461, +0.90839, 0.9793 
16249.664236, +1.16497, 1.0492 
16250.712407, +1.15062, 0.9129 
16250.722928, +1.04748, 0.9402 
16250.733715, +1.51557, 0.9755 
16250.744340, +1.87687, 0.9192 
16251.604005, +2.34597, 0.9664 
16251.614965, +2.30279, 0.9250 
16251.625475, +2.56267, 1.0311 
16251.636111, +2.19201, 0.9392 
16253.648588, +1.88473, 0.8668 
16253.658495, +1.93726, 0.9591 
16253.668009, +1.79626, 0.8847 
16253.677569, +1.34596, 0.9255 
16254.666377, +0.84009, 0.9981 
16254.675764, +0.80257, 1.0765 
16254.685729, +0.97664, 0.9683 
16254.695660, +0.03967, 0.9911 
16256.703831, -0.76440, 0.9835 
16256.714745, -1.17315, 0.9924 
16256.724988, -1.64127, 0.9712 
16256.735521, -1.60053, 0.9817 
16257.666019, -2.00556, 0.9523 
16257.676817, -1.99818, 1.0592 
16257.687350, -2.23565, 0.9638 
16257.697998, -2.24502, 0.9829 
16259.595451, -2.33469, 0.9620 
16259.604954, -2.71459, 0.9820 
16259.614051, -3.01097, 0.9772 
16259.622998, -3.11444, 1.0479 
16262.599734, -3.02355, 1.0188 
16262.609595, -3.11989, 1.1223 
16262.619734, -2.87061, 1.0709 
16262.629572, -3.02698, 1.0948 
16263.589144, -3.74560, 1.1444 
16263.599687, -4.09776, 1.1113 
16263.610451, -4.06356, 1.1081 
16263.620556, -4.05382, 1.0330 
16264.576806, -3.79019, 1.1654 
16264.587454, -3.70417, 1.2310 
16264.598079, -3.19401, 1.1862 
16264.608727, -2.79895, 1.2533 
16265.614583, -2.58145, 1.0110 
16265.625220, -2.07805, 1.0071 
16265.635729, -2.01044, 1.0713 
16265.646412, -1.49515, 1.1258 
16266.570405, -0.87013, 0.9910 
16266.581100, -0.34640, 1.0539 
16266.591713, -0.04525, 1.0201 
16266.602303, -0.65128, 1.1134 
16268.556076, -0.70824, 0.9747 
16268.564190, -1.21748, 0.9658 
16268.572373, -1.30661, 1.0159 
16268.580243, -1.40340, 0.9835 
16269.600602, -1.29060, 0.9617 
16269.610509, -1.02171, 0.9930 
16269.621111, -1.01492, 0.9545 
16270.539317, -0.40591, 1.0176 
16270.548148, -0.60382, 1.0587 
16270.557512, -0.55649, 1.0534 
16270.568171, -0.62342, 1.0666 
16271.592546, -0.16017, 0.9735 
16271.603183, +0.36692, 0.9203 
16271.613715, +0.37142, 0.9585 
16271.624444, +0.85125, 1.0078 
16276.531343, +0.99753, 0.8989 
16276.554063, +0.86049, 0.8575 
16276.590313, +1.25245, 0.8852 
16276.649444, +1.32737, 0.9100 
16277.516539, +1.61136, 0.9634 
16277.546678, +1.84384, 0.9309 
16277.603438, +2.11729, 0.9953 
16277.622211, +2.27269, 1.0131 
16278.528171, +2.18214, 1.0042 
16278.546829, +2.46006, 0.9382 
16278.582824, +2.50739, 1.0285 
16278.609734, +2.51190, 1.0550 
16279.517164, +2.59365, 1.0417 
16279.554097, +2.86301, 1.1188 
16279.610359, +3.23289, 1.0043 
16279.652743, +3.25849, 1.1020 
16280.587998, +3.27034, 1.1192 
16280.643970, +3.50879, 1.1284 
16282.536979, +3.39365, 0.9648 
16282.579063, +3.61823, 0.9538 
16282.657222, +3.44603, 0.9324 
16282.671181, +3.29870, 0.9209 
16283.544433, +3.00921, 0.9709 
16283.616586, +2.52258, 0.9840 
16283.638472, +2.50384, 0.9933 
16283.681493, +2.17948, 0.9741 
16284.529803, +2.28542, 1.1654 
16284.578449, +2.12233, 0.9838 
16284.599491, +2.41861, 0.9466 
16284.654884, +3.03645, 0.9629 
16285.525081, +3.45766, 0.9861 
16285.557697, +3.10004, 0.9343 
16285.646389, +2.22091, 0.9934 
16288.521863, +2.28546, 0.9217 
16288.560972, +2.27597, 0.9207 
16288.643148, +1.74033, 0.8936 
16289.522164, +1.46088, 1.0150 
16289.581840, +1.64262, 0.9942 
16289.603900, +1.94353, 0.9632 
16289.619340, +1.63641, 1.0550 
16290.518762, +1.16697, 0.9739 
16290.559826, +1.17391, 0.9355 
16290.582095, +0.06773, 0.9574 
16290.642049, -0.45470, 0.8971 
16291.518704, -0.96015, 0.9309 
16291.557199, -1.49455, 0.9824 
16291.642315, -2.07141, 1.0377 
16295.589190, -3.05402, 1.1154 
16295.612708, -2.90058, 1.1571 
16295.636296, -2.64146, 1.1853 
16296.532998, -2.55421, 0.9315 
16296.544618, -2.42144, 1.0079 
16296.574294, -2.18823, 1.0560 
16296.589375, -1.61894, 1.0378 
16297.525764, -1.53182, 1.0375 
16297.563704, -1.79039, 0.9563 
16298.526771, -1.96103, 1.0203 
16298.586910, -2.09268, 0.8726 
16298.608287, -2.10883, 0.9918 
16298.622419, -1.86247, 0.9039 
16299.531169, -1.53749, 0.9948 
16299.562755, -1.26431, 0.9764 
16299.590984, -1.19408, 0.9516 
16299.618472, -1.63880, 1.0229 
16304.529352, -1.87713, 1.0964 
16304.555532, -1.99300, 1.1191 
16304.592338, -2.20142, 1.0757 
16304.604664, -2.46492, 1.1422 
16305.529838, -2.56086, 1.1453 
16305.551829, -1.56295, 1.1799 
16305.574491, -0.73027, 1.1612 
16307.531238, -0.95457, 1.1094 
16307.555023, -0.49010, 1.1221 
16307.579178, +0.02762, 1.1497 
16308.521562, +0.82749, 1.1120 
16308.543113, +0.52487, 1.1511 
16309.527604, +0.50086, 1.0304 
16309.550162, +0.97994, 1.0435 
16310.540498, +0.95836, 1.0763 
16310.561389, +0.78153, 1.1068 
16311.528032, +0.25403, 1.5080 
16311.552604, +0.43757, 1.1820 
16311.576065, +0.28430, 1.2073 
16312.534815, -0.03099, 1.1153 
16312.570405, -0.34919, 1.2197 
16314.543449, -0.28801, 1.1065 
16314.554005, +0.41966, 1.1371 
16314.574259, +1.24049, 1.1360 
16316.535868, +1.62976, 1.0881 
16316.546644, +2.20468, 1.0350 
16316.572257, +2.68124, 1.0248 
16316.582801, +3.07107, 0.9967 
16317.527616, +2.99813, 1.0477 
16317.538356, +3.13598, 1.1135 
16317.566736, +3.09074, 1.1702 
16317.577361, +3.21283, 1.0801 
16318.520197, +2.57675, 1.1307 
16318.530903, +2.34506, 1.0891 
16318.557998, +2.10995, 1.0517 
16318.568588, +1.65406, 1.1256 
16319.523623, +1.78827, 1.1099 
16319.534340, +1.82763, 1.1714 
16319.551539, +2.56897, 1.2901 
16319.561979, +2.62967, 1.1466 
16321.538623, +2.59856, 1.0177 
16321.549456, +1.65788, 1.1085 
16321.570428, +1.18302, 1.0345 
16322.529005, +0.66905, 1.1145 
16322.539711, +0.37257, 0.9657 
16322.565313, +0.00400, 1.0534 
16323.531296, +0.15390, 1.1726 
16323.541771, +1.59928, 1.1702 
16323.570764, +2.43884, 1.0667 
16328.517720, +2.29286, 1.0021 
16328.524792, +1.98089, 1.0283 
16328.531968, +2.71543, 1.0965 
16328.539190, +2.57666, 1.0396 
16328.546111, +1.99380, 1.1410 
16329.518391, +1.70812, 1.1122 
16329.525509, +2.65736, 1.1853 
16329.532593, +2.90856, 1.1985 
16329.539861, +1.86534, 1.2701 
16329.546933, +1.97791, 1.1582 
16330.520069, +1.70665, 1.5304 
16330.528484, +1.45690, 1.4709 
16330.534618, +0.16895, 1.5098 
16330.542060, +0.25522, 1.6605 
16331.527338, +0.76718, 1.5276 
16331.534734, +0.43430, 1.5805 
16331.541192, +1.13985, 1.5754 
16331.548704, +1.17200, 1.7908 
16332.520868, +1.31445, 1.5543 
16332.527998, +1.52641, 1.4492 
16332.535162, +1.34358, 1.3723 
16332.542315, +1.31169, 1.4185 
16332.549421, +0.29583, 1.5059 
16336.517998, -0.14253, 1.2980 
16336.525162, -0.09851, 1.2622 
16336.532396, -0.31338, 1.3665 
16336.539491, -0.67128, 1.3773 
16445.923009, -1.35618, 0.8986 
16445.934028, -1.80289, 0.9149 
16448.920417, -2.26939, 0.9947 
16448.948391, -2.89576, 0.8873 
16457.905266, -3.10846, 1.0554 
16457.946701, -3.03544, 1.0375 
16458.899329, -2.51858, 0.9280 
16458.940845, -2.17927, 0.8963 
16460.946366, -1.95275, 1.1125 
16462.924005, -1.49740, 1.7173 
16472.935613, -1.87472, 0.8703 
16472.958426, -1.97101, 0.8389 
16473.929757, -2.49304, 0.8942 
16473.949514, -2.63227, 0.8916 
16475.896146, -2.95437, 0.7947 
16475.930868, -3.42026, 0.8568 
16476.890359, -3.39248, 0.8770 
16476.933530, -3.47239, 0.9258 
16477.872593, -3.04970, 0.8992 
16477.921042, -2.29948, 0.9463 
16480.874502, -1.96476, 0.8372 
16481.832384, -1.48988, 0.8318 
16481.944711, -1.24673, 0.9569 
16482.829942, -0.63186, 1.0281 
16482.903704, -0.85527, 0.9535 
16485.815127, -1.83175, 0.9046 
16485.882315, -1.90672, 0.8240 
16486.833831, -2.12185, 0.8190 
16486.859641, -2.39067, 0.8216 
16486.924884, -2.92316, 0.8415 
16486.935833, -2.41230, 0.8588 
16487.818380, -2.17535, 0.8639 
16487.869433, -2.17347, 0.9551 
16487.936100, -2.04494, 0.8917 
16488.809363, -2.13407, 0.7981 
16488.904306, -2.44697, 0.8580 
16488.939780, -2.94970, 0.8591 
16492.798623, -3.16101, 0.9641 
16492.928588, -3.15323, 0.8349 
16496.805833, -3.33446, 0.8711 
16496.875810, -3.52413, 0.8384 
16496.912743, -3.39602, 0.9319 
16496.947396, -3.46473, 0.8885 
16497.780544, -3.84542, 0.8454 
16497.843924, -4.28199, 0.8696 
16498.821262, -4.59695, 0.9205 
16498.873530, -4.49144, 1.0718 
16498.907164, -4.28800, 0.9911 
16500.790509, -4.03749, 0.9413 
16500.856088, -3.73910, 0.9148 
16500.894606, -3.84879, 1.0152 
16501.827778, -3.44290, 1.0459 
16501.846667, -3.42116, 1.0499 
16501.913241, -3.78147, 1.0429 
16502.819537, -4.08647, 1.0512 
16502.843472, -3.92267, 0.9980 
16504.782222, -3.57927, 0.9210 
16504.798426, -3.41704, 0.8881 
16504.840799, -3.23961, 0.9402 
16505.869155, -3.09706, 0.9351 
16505.943843, -3.11358, 0.8347 
16506.806563, -3.08669, 0.8731 
16506.899954, -2.95990, 0.8840 
16506.919873, -2.98875, 0.8923 
16508.772361, -3.07096, 0.8506 
16508.839317, -2.64743, 1.0089 
16509.761146, -2.60345, 0.9267 
16509.850671, -2.63912, 0.9033 
16509.913021, -2.14194, 0.9285 
16509.923773, -1.97806, 0.9530 
16509.934352, -1.63484, 0.9513 
16509.945127, -1.50065, 1.0188 
16510.822616, -1.35757, 0.8906 
16510.834850, -0.80439, 0.9772 
16510.880590, -0.84053, 0.9939 
16510.891285, -0.19959, 0.9088 
16510.951551, -0.20224, 0.9382 
16511.791481, +0.23384, 1.2013 
16511.799236, +0.67593, 2.0821 
16512.874630, +0.53042, 0.9317 
16512.885069, +0.67694, 0.9536 
16512.918715, +0.00760, 0.9436 
16513.833275, -0.00636, 0.9005 
16513.934282, -0.52207, 0.9135 
16514.751042, -0.62090, 0.8807 
16514.947650, -0.38398, 0.8440 
16515.743866, -0.61226, 0.8073 
16515.836852, -0.73056, 0.8769 
16516.781782, -0.70773, 0.9730 
16516.821944, -0.82481, 0.9135 
16516.846748, -1.16845, 1.0460 
16516.857870, -1.53360, 0.9099 
16516.888345, -1.61955, 0.9041 
16516.909549, -1.98770, 0.9454 
16516.918762, -1.88753, 1.0351 
16517.747662, -1.58438, 0.9808 
16517.859282, -1.53299, 0.9240 
16517.923044, -1.30635, 0.8199 
16517.934444, -1.86057, 0.8668 
16518.730787, -1.37856, 0.8074 
16518.802083, -1.52165, 0.8351 
16518.842222, -1.72421, 1.0021 
16518.849340, -2.02093, 0.9727 
16518.901065, -2.38056, 0.9145 
16518.908762, -1.86661, 0.9421 
16518.918264, -1.75998, 0.9338 
16519.776065, -1.87831, 0.8518 
16519.836400, -2.16769, 0.8602 
16519.862731, -2.03966, 1.0359 
16519.870799, -2.11198, 1.0126 
16519.938299, -1.97939, 0.9453 
16520.727882, -2.05129, 0.8952 
16520.845150, -2.10845, 0.9665 
16520.937269, -2.13721, 0.8946 
16521.719190, -2.00311, 0.9001 
16521.762616, -2.28686, 0.9869 
16521.769965, -2.69199, 0.9725 
16521.869294, -2.82626, 0.9453 
16521.911863, -2.90622, 1.0642 
16522.744294, -3.27946, 0.8728 
16522.792130, -3.07369, 0.8674 
16522.846794, -2.95530, 0.9356 
16522.928669, -3.15694, 0.8556 
16523.726204, -3.15487, 0.9130 
16523.776701, -2.98291, 0.8934 
16523.820961, -2.39159, 0.9116 
16523.888681, -2.20456, 0.9366 
16524.716227, -2.02827, 0.9765 
16524.795359, -1.70770, 0.9894 
16524.880174, -1.54138, 1.0173 
16524.934433, -1.65060, 1.1262 
16525.712986, -1.70607, 0.8948 
16525.760382, -1.78911, 0.9120 
16525.826771, -1.75131, 0.8758 
16525.880208, -1.72728, 0.9077 
16526.730231, -1.99149, 0.8660 
16526.781782, -2.35385, 0.9827 
16526.838449, -2.99922, 0.9693 
16526.923738, -3.19642, 0.9576 
16529.729028, -3.25177, 0.9468 
16529.785127, -3.26352, 0.8796 
16529.829178, -3.37392, 0.9569 
16529.908079, -3.30053, 0.8899 
16530.689062, -2.79192, 1.0243 
16530.777222, -2.95682, 0.9413 
16530.864097, -3.09347, 0.9366 
16531.705810, -3.23823, 0.9589 
16531.805891, -3.20239, 0.8704 
16531.899132, -3.02822, 0.9272 
16532.712604, -3.04631, 0.9778 
16532.766539, -3.05434, 1.0191 
16532.894167, -3.17293, 0.9274 
16533.689086, -3.24290, 0.9267 
16533.776389, -3.99089, 1.1392 
16533.875359, -4.00249, 1.0713 
16537.710961, -3.11274, 1.0432 
16537.805127, -3.25592, 1.1727 
16537.918484, -3.08532, 1.1867 
16537.931134, -3.78617, 1.2484 
16538.686262, -3.69072, 1.0200 
16538.803958, -4.01528, 1.0109 
16538.923715, -4.28490, 1.2190 
16539.715266, -4.24507, 2.1427 
16539.803796, -4.01320, 1.3146 
16539.935000, -3.33375, 1.9410 
16540.824074, -2.78836, 1.2842 
16541.733634, -2.49710, 1.3661 
16543.725243, -3.17567, 1.0987 
16543.803958, -2.81354, 1.1789 
16543.910301, -2.22526, 1.1216 
16544.703854, -1.79835, 1.1078 
16544.751968, -1.44974, 1.1878 
16544.866678, -1.69548, 1.1228 
16544.917998, -1.21455, 1.1746 
16545.662685, -1.36154, 1.0962 
16545.761424, -2.20832, 1.1784 
16545.834734, -2.93354, 1.0550 
16545.925579, -3.06416, 1.0821 
16546.675868, -2.41377, 1.1082 
16546.750671, -2.54357, 1.0591 
16546.867662, -1.87516, 1.2380 
16546.924549, -1.47300, 1.1224 
16547.825938, -0.93490, 1.2371 
16547.865382, -0.53304, 1.1236 
16548.817616, -0.47900, 1.2399 
16548.845556, -0.84411, 1.3114 
16550.657396, -1.88182, 1.1625 
16550.691748, -2.30892, 0.9832 
16550.720382, -2.15724, 1.0407 
16550.743970, -2.44077, 1.0035 
16550.767546, -2.63586, 1.1243 
16551.641632, -2.68687, 1.0695 
16551.721725, -2.83364, 1.1042 
16551.777338, -2.20275, 1.2257 
16551.910833, -2.68424, 1.0439 
16554.655208, -2.63939, 1.0923 
16554.728542, -2.60459, 1.1679 
16554.833947, -2.24514, 1.1020 
16555.666273, -1.46949, 1.1456 
16555.714282, -1.81300, 1.2174 
16556.635046, -0.88164, 1.0358 
16556.650081, -1.22819, 1.1687 
16556.852141, -1.90274, 1.1478 
16556.866146, -1.80755, 1.1855 
16557.628924, -1.96089, 1.1700 
16557.643414, -2.05299, 1.3719 
16557.658090, -2.31337, 1.2585 
16557.671979, -1.65290, 1.2795 
16557.686123, -0.93889, 1.3443 
16557.700938, -0.71121, 1.4761 
16558.626632, -0.97538, 1.1664 
16558.637025, -0.98758, 1.2050 
16558.707523, -1.55040, 1.2049 
16558.715208, -2.48792, 1.2053 
16558.808241, -2.72387, 1.4056 
16558.817442, -2.29372, 1.4659 
16558.834005, -1.94695, 1.1411 
16558.843773, -1.66952, 1.3106 
16559.634005, -0.84291, 1.3152 
16559.641713, -0.65081, 1.2349 
16559.688958, -1.29193, 1.2399 
16559.696400, -2.02199, 1.2210 
16559.745255, -1.64530, 1.2287 
16559.753507, -1.91345, 1.2533 
16559.765579, -2.56250, 1.1956 
16559.774097, -1.81886, 1.2303 
16560.626505, -0.55498, 1.4184 
16560.633623, -0.72135, 1.4134 
16560.707187, -1.24004, 1.3803 
16560.714618, -0.96219, 1.4773 
16560.772477, -0.66089, 2.0764 
16560.785984, -0.99260, 1.8048 
16560.845440, -1.28704, 1.3416 
16560.852697, -0.86550, 1.4467 
16561.602569, -1.18578, 1.1474 
16561.613796, -0.99059, 1.1791 
16561.800289, -1.02863, 1.2121 
16561.807836, -0.94141, 1.2527 
16561.863391, -0.49981, 1.3063 
16561.872662, -0.60327, 1.2723 
16562.635012, -0.26561, 1.2721 
16562.644687, -0.64315, 1.2414 
16562.817176, -0.92882, 1.2595 
16562.825880, -0.89149, 1.4419 
16562.903461, -2.00678, 1.2865 
16562.914294, -2.20340, 1.2235 
16563.607431, -2.26283, 1.1491 
16563.618495, -2.17784, 1.1060 
16563.653623, -1.80615, 1.1649 
16563.661470, -1.99348, 1.0325 
16563.746065, -1.95166, 1.2227 
16563.755243, -2.56597, 1.2509 
16563.884456, -2.80535, 1.1836 
16563.892882, -3.31197, 1.1432 
16564.674375, -3.63971, 1.3114 
16564.735729, -4.22531, 1.1689 
16564.743461, -3.58068, 1.2724 
16564.801215, -3.12150, 1.3003 
16564.808843, -3.03277, 1.2599 
16565.621169, -2.11611, 1.3156 
16565.631181, -2.49571, 1.3659 
16565.706250, -2.52765, 1.3296 
16565.713414, -3.00805, 1.2881 
16567.688252, -3.30245, 1.2098 
16567.702477, -2.89716, 1.2192 
16567.784919, -4.24831, 1.2712 
16567.795428, -3.93374, 1.2766 
16568.599572, -3.20810, 1.1552 
16568.609444, -3.18548, 1.2284 
16568.631481, -2.68055, 1.3054 
16568.640891, -3.01250, 1.1697 
16568.823449, -3.05064, 1.2667 
16568.833056, -3.25360, 1.2727 
16569.611343, -3.28674, 1.0900 
16569.620347, -3.19208, 1.2783 
16569.628553, -3.78844, 1.3065 
16569.636759, -4.70954, 1.2442 
16569.645810, -2.78908, 1.2993 
16569.654757, -2.45421, 1.3420 
16569.664410, -2.82098, 1.2586 
16569.818785, -2.64262, 1.5368 
16569.831400, -2.42929, 1.6452 
16569.871458, -1.46287, 1.3898 
16569.883681, -2.73983, 1.3436 
16570.617998, -2.83396, 1.2352 
16570.629039, -2.77057, 1.2802 
16570.667674, -2.82962, 1.1860 
16570.688843, -2.97634, 1.2318 
16572.613877, -3.03891, 1.1814 
16572.635891, -2.64528, 1.2510 
16572.695625, -2.73474, 1.1398 
16572.707292, -1.97440, 1.2800 
16572.738437, -1.42458, 1.2361 
16572.749062, -0.76922, 1.2172 
16573.619120, -0.72209, 1.3903 
16573.649549, -0.71219, 1.3155 
16575.581551, -0.04020, 1.2190 
16575.607106, +0.20230, 1.2027 
16577.578461, -0.76698, 1.0835 
16577.608009, -1.03871, 1.2279 
16577.617847, -1.49172, 1.2138 
16578.539780, -1.95411, 1.2764 
16578.568819, -2.18385, 1.1644 
16580.694572, -1.87794, 1.1484 
16580.714525, -0.95638, 1.1678 
16581.718194, -0.86444, 1.1323 
16581.748565, +0.36113, 1.1781 
16582.546701, +0.36904, 1.1783 
16582.574479, +0.81541, 1.1622 
16583.551528, -0.34192, 1.1518 
16583.582037, -1.40937, 1.2769 
16584.733912, -1.50856, 1.5296 
16584.749468, -2.14399, 1.8679 
16585.549525, -1.81778, 1.2178 
16585.574907, -2.01823, 1.1694 
16591.736169, -1.72708, 1.1861 
16591.761343, -1.11394, 1.3059 
16592.538322, -1.20697, 1.2343 
16592.565521, -1.29176, 1.1666 
16594.518194, -1.36737, 1.1746 
16594.635150, -1.87014, 1.2513 
16595.526690, -2.33646, 1.1029 
16595.637604, -2.46458, 1.8494 
16600.514294, -2.06887, 1.2322 
16600.539676, -1.75352, 1.1468 
16601.515498, -2.20768, 1.2506 
16601.541620, -2.96556, 1.1651 
16603.524201, -2.85259, 1.1821 
16603.552431, -2.69039, 1.2216 
16604.529896, -3.20085, 1.2342 
16604.556794, -3.94084, 1.1441 
16606.575127, -3.43835, 1.2795 
16606.608657, -2.60926, 1.5125 
16607.524780, -1.52075, 1.2068 
16607.656227, -1.55424, 1.2176 
16609.525891, -0.80141, 1.2116 
16609.647535, +0.60534, 1.2676 
16610.528218, +0.85793, 1.2806 
16611.693681, +1.05341, 1.3755 
16611.771586, +0.48839, 1.7914 
16612.511586, +0.60902, 1.1830 
16612.538426, -0.11087, 1.3396 
16613.564942, -0.55276, 1.1818 
16613.591852, -1.47636, 1.1056 
16615.700868, -0.96772, 1.3131 
16616.546586, -1.49401, 1.3930 
16616.680683, -1.75228, 1.1709 
16618.534641, -0.92617, 1.4903 
16620.519907, -1.35140, 1.8519 
16620.550810, +0.27960, 1.3555 
16621.524317, -0.26315, 1.3101 
16621.699792, -0.80218, 1.3832 
16622.513634, -0.57415, 1.2470 
16622.542083, -0.80235, 1.2131 
16626.672755, -0.24561, 1.5631 
16626.701817, -0.34540, 1.3459 
16627.564595, +1.09038, 1.7111 
16627.596238, +2.11360, 1.8090 
16628.679711, +2.29494, 2.1770 
16630.546157, +2.29542, 1.5891 
16630.577303, +0.94616, 1.5098 
16631.661377, +1.62713, 1.9835 
16633.625278, -0.75506, 2.5863 
16633.662373, -0.50447, 2.5346 
16636.626181, -0.81429, 1.8985 
16636.665278, -0.78618, 1.9962 
16637.660058, -0.22639, 2.4538 
16639.689028, -1.92392, 2.4936 
16639.720891, -1.16067, 1.5680 
16640.623588, -1.35551, 1.8426 
16640.654560, -1.19475, 1.8196 
16641.526215, -1.68120, 1.6902 
16641.556273, -1.43445, 1.7284 
16642.612442, -1.40082, 2.0796 
16643.646319, -1.06522, 1.8005 
16643.677500, -0.64200, 2.0819 
16645.689340, -1.17193, 1.8229 
16647.640694, -0.67342, 1.9097 
16647.677025, -0.42093, 1.7956 
16648.537280, -0.12043, 1.7097 
16648.568021, -0.84047, 1.9751 
16649.639907, -2.26423, 1.8103 
16649.670208, -1.68185, 1.8160 
16655.539606, -2.26765, 1.1696 
16655.550984, -2.85213, 1.0875 
16659.634919, -3.15872, 1.0015 
16659.653530, -3.31528, 1.1100 
16662.551400, -3.43590, 1.1623 
16662.562477, -3.24357, 1.0873 
16663.530729, -2.85807, 1.2122 
16663.539884, -2.65727, 1.1757 
16664.533623, -2.77964, 1.2774 
16664.545544, -2.70070, 1.2056 
16665.533032, -1.95453, 1.0585 
16665.542546, -2.82817, 1.0589 
16666.534051, -3.21588, 1.0594 
16666.543530, -3.45520, 1.1529 
16671.527546, -4.10463, 1.1005 
16671.538576, -3.69052, 1.1592 
16672.571366, -3.87185, 1.1381 
16672.588218, -3.72162, 1.1476 
16673.552512, -4.10757, 1.1474 
16673.570139, -4.07010, 1.2109 
16674.543414, -3.54595, 1.1711 
16674.555428, -3.94876, 1.1969 
16675.532477, -3.70621, 1.1536 
16675.541100, -3.27793, 1.3508 
16676.533588, -2.61031, 1.1659 
16676.545775, -2.03634, 1.1515 
16677.533322, -1.74340, 1.0963 
16677.542488, -1.43349, 1.2112 
16678.537118, -1.84483, 1.0930 
16678.547361, -1.40639, 1.0752 
16679.528854, -1.61285, 1.1464 
16679.538912, -1.59359, 1.1595 
16680.529583, -1.14650, 1.0625 
16680.540914, -0.65821, 1.0591 
16681.523542, +0.12525, 1.1339 
16681.534514, -0.17768, 1.1592 
16687.522546, +0.21222, 1.1544 
16687.538171, +0.48185, 1.1387 
16688.531910, +0.58845, 1.0901 
16688.550093, +0.83321, 1.1057 
16689.536424, +1.05208, 1.1022 
16689.546389, +1.31662, 1.0834 
16690.538634, +2.30599, 1.0674 
16690.548796, +2.47351, 1.0932 
16691.531389, +2.03920, 1.0289 
16691.545775, +1.70231, 1.0586 
16692.528819, +1.29546, 1.1360 
16692.537060, +1.52558, 1.2102 
16693.533484, +0.89596, 1.1263 
16693.545694, +0.09433, 1.1023 
16695.538600, +0.80048, 1.0518 
16695.548056, +0.91911, 1.1056 
16696.528449, +1.22854, 1.1155 
16696.562130, +0.92795, 1.0856 
16697.515069, +0.36049, 1.2276 
16697.550590, +0.46300, 1.0883 
16698.526910, -0.51073, 1.0027 
16698.538993, -1.00225, 1.0418 
16699.524560, -1.77046, 0.9878 
16702.525579, -2.98291, 1.0971 
16703.525475, -3.23562, 1.0558 
16707.520243, -3.54355, 1.2247 
16708.507245, -3.21397, 1.0978 
16708.511910, -3.07429, 1.1087 
16708.516979, -3.21544, 1.1129 
16709.503032, -2.25536, 1.1858 
16709.508322, -2.12403, 1.1909 
16709.513519, -1.72889, 1.1096 
16710.506574, -1.41929, 1.0737 
16710.510856, -1.07128, 1.0313 
16710.515475, -0.63469, 1.1019 
16711.509329, -1.08410, 0.9744 
16711.515891, -0.69663, 0.9324 
16711.522743, -0.60596, 0.9926 
16712.505000, -0.96128, 1.1246 
16712.510880, -1.32196, 1.0658 
16712.517002, -1.24720, 1.0782 
16713.510845, -0.64064, 1.0121 
16713.521250, -0.73791, 0.9463 
16713.531701, -0.70561, 0.9749 
16714.506319, -0.51725, 1.0669 
16714.512546, -0.71729, 1.0184 
16714.518704, -1.25346, 1.0166 
16715.508831, -2.03989, 1.0549 
16715.514549, -2.27224, 1.1023 
16715.520660, -2.13493, 1.1678 
16827.908576, -1.52977, 1.0444 
16827.917789, -1.98438, 0.9867 
16829.878484, -2.21514, 1.0650 
16829.887234, -1.87203, 1.0491 
16830.965764, -2.00293, 1.1313 
16830.977130, -2.32780, 2.7798 
16831.861667, -3.18955, 1.1793 
16831.872975, -2.39679, 1.1116 
16832.858796, -1.67491, 1.0416 
16832.871597, -1.18940, 0.9732 
16835.884074, -1.12360, 0.9294 
16835.896806, -1.21825, 0.9674 
16836.863912, -1.67532, 1.0631 
16836.878183, -1.91856, 1.0683 
16837.845718, -2.12833, 1.0439 
16837.856516, -2.42148, 1.0473 
16838.849850, -2.32630, 1.0013 
16838.859884, -2.12457, 0.9978 
16839.835822, -1.72165, 0.9997 
16839.852060, -1.66458, 0.9341 
16840.919456, -1.59891, 0.9576 
16840.934282, -1.49789, 1.0153 
16841.875220, -1.50105, 1.0546 
16841.896493, -1.83770, 1.0096 
16844.827118, -1.52617, 1.0018 
16844.837488, -1.51646, 0.9812 
16845.846875, -2.02405, 1.0120 
16845.855405, -1.61548, 1.0919 
16846.822083, -1.44742, 0.9793 
16846.840428, -0.93597, 0.9642 
16847.821053, -1.06988, 1.0087 
16847.831273, -0.80382, 1.0285 
16848.821019, -0.19045, 1.0547 
16848.830417, -0.79028, 1.1333 
16850.809144, -0.82929, 1.0358 
16850.820891, -1.12299, 0.9767 
16851.819271, -1.46979, 1.0426 
16851.832083, -1.82907, 1.0373 
16852.821215, -2.24985, 0.9809 
16852.834502, -1.93708, 0.9602 
16855.798970, -2.84102, 1.0412 
16855.809421, -2.98106, 1.0047 
16857.818160, -3.08280, 1.0031 
16857.828993, -3.52623, 1.0968 
16858.791979, -3.57845, 1.0115 
16858.800868, -4.47655, 1.0614 
16858.960521, -4.05069, 1.1493 
16858.971817, -4.47608, 1.2416 
16859.791586, -4.77150, 0.9387 
16859.826620, -4.47466, 0.9552 
16863.775139, -4.58432, 0.9372 
16863.787535, -4.33215, 0.9591 
16863.882801, -4.18601, 0.9381 
16863.894306, -4.06212, 0.9769 
16864.795775, -3.74938, 1.0207 
16864.806470, -3.81810, 0.9913 
16864.881481, -3.64632, 1.1296 
16864.886551, -3.40400, 1.0657 
16864.892546, -3.56925, 1.1014 
16866.891181, -3.78678, 1.0158 
16866.902870, -3.83939, 1.0965 
16867.797315, -3.65506, 1.6942 
16867.832801, -3.64638, 1.8159 
16870.751169, -3.99587, 0.9655 
16870.760787, -3.86594, 1.0609 
16872.775185, -3.52635, 1.1411 
16872.779826, -3.60420, 1.2947 
16872.784352, -3.30382, 1.1469 
16872.788866, -2.85003, 1.1020 
16872.803206, -2.04434, 1.1852 
16872.808229, -1.67945, 1.2040 
16872.813299, -1.28545, 1.1312 
16878.799618, -0.58151, 1.0283 
16878.803102, -0.52506, 1.0284 
16878.806505, -1.06137, 1.0120 
16878.810000, -2.09852, 1.0738 
16878.825532, -2.45825, 1.0853 
16878.828912, -2.78214, 1.0772 
16878.832743, -2.71970, 1.0046 
16879.807951, -2.75679, 1.1001 
16879.811562, -2.30820, 1.1273 
16879.815208, -1.78618, 1.0152 
16879.818762, -1.75514, 1.1356 
16879.837998, -1.50436, 1.0800 
16879.841690, -1.94880, 1.0171 
16879.845116, -2.22247, 0.9714 
16880.780081, -2.13260, 1.0106 
16880.784317, -2.02784, 1.0367 
16880.788461, -1.46926, 1.0014 
16880.792338, -1.57609, 1.0556 
16880.811470, -1.19052, 1.0416 
16880.815498, -1.42244, 1.0208 
16880.819259, -1.35308, 1.0876 
16881.789375, -1.36200, 1.0225 
16881.793530, -1.49228, 1.0556 
16881.797789, -1.22345, 0.9624 
16881.802442, -1.22370, 1.0002 
16881.818194, -0.41614, 1.0330 
16881.822222, -0.33799, 1.1565 
16881.826319, -0.03064, 1.1289 
16882.776725, -0.11960, 0.9936 
16882.780278, +0.16171, 1.0300 
16882.783958, -0.62014, 1.0916 
16882.787674, -1.75073, 1.0773 
16882.801042, -1.78280, 1.1590 
16882.804734, -1.89254, 1.1498 
16882.808449, -2.24280, 1.2165 
16883.838657, -3.29011, 1.1350 
16883.842755, -2.57513, 1.1760 
16883.847454, -1.77482, 1.1537 
16883.852755, -2.26783, 1.1741 
16883.869352, -2.48200, 1.0551 
16883.872928, -1.94445, 1.1562 
16883.876690, -1.53672, 1.1783 
16884.733194, -1.60127, 1.0590 
16884.736644, -1.80755, 1.0059 
16884.739931, -2.17072, 1.1124 
16884.743194, -2.12256, 1.1117 
16884.756551, -1.99862, 1.1379 
16884.760023, -1.92019, 1.0753 
16884.763299, -1.80680, 1.1119 
16885.790440, -1.84770, 1.1110 
16885.796157, -1.50032, 1.1303 
16885.801944, -1.58805, 1.1612 
16885.807523, -2.37319, 1.2659 
16885.827940, -2.46578, 1.1137 
16885.834051, -2.80090, 1.1464 
16885.839838, -2.50374, 1.2253 
16886.811146, -2.22527, 1.0810 
16886.815197, -2.13614, 1.0667 
16886.819225, -1.54148, 1.0773 
16886.823252, -1.60226, 1.1095 
16886.836713, -1.88037, 1.1290 
16886.840590, -2.74790, 1.0593 
16886.845174, -3.39015, 1.1094 
16887.787836, -3.26765, 1.2505 
16887.791516, -3.93062, 1.0752 
16887.795174, -3.81792, 1.0545 
16887.798692, -3.39760, 1.1844 
16887.827975, -2.98410, 1.1254 
16887.831169, -2.70808, 1.1157 
16887.834583, -3.13128, 1.0643 
16888.793079, -3.20377, 1.0691 
16888.796123, -3.43351, 1.1527 
16888.799109, -3.55599, 1.2399 
16888.802002, -3.74042, 1.2504 
16888.813171, -4.04918, 1.1486 
16888.816088, -3.98862, 1.1693 
16888.818924, -3.65834, 1.1649 
16891.879236, -3.39734, 1.0994 
16891.882639, -3.47116, 1.1569 
16891.885995, -3.22291, 1.0621 
16891.889213, -3.16465, 1.0934 
16891.903229, -3.28823, 1.0866 
16891.906238, -3.56327, 1.1172 
16891.909317, -4.06333, 1.1708 
16892.776863, -3.93410, 0.9748 
16892.783657, -4.15945, 1.1118 
16894.728056, -3.87136, 1.1101 
16894.738067, -3.99232, 1.0644 
16894.745972, -3.68540, 0.9925 
16894.753299, -3.50961, 1.0306 
16894.781238, -3.82244, 1.0214 
16894.789861, -3.37502, 1.0692 
16894.802824, -3.14448, 1.2089 
16895.712569, -3.07239, 1.0616 
16895.716181, -3.59658, 0.9852 
16895.719965, -3.72550, 1.0991 
16895.723854, -3.45806, 1.0245 
16895.738275, -3.51388, 1.0537 
16895.741968, -3.59913, 0.9797 
16895.745775, -3.71991, 1.0684 
16896.738588, -3.32412, 1.0043 
16896.743738, -2.71457, 1.0290 
16896.748600, -3.24538, 1.0476 
16896.753206, -3.64369, 1.0614 
16896.770162, -3.78716, 1.0323 
16896.774491, -3.64005, 1.0527 
16896.778623, -3.86943, 1.0345 
16903.674282, -4.54487, 1.1666 
16903.683565, -4.22716, 1.1595 
16903.695324, -4.06685, 1.1745 
16904.698275, -4.75859, 1.1697 
16904.702384, -4.54475, 1.1004 
16904.706343, -3.74588, 1.1839 
16904.710706, -2.87562, 1.1436 
16904.725891, -2.28564, 1.1260 
16904.729907, -1.76172, 1.0973 
16904.734213, -0.50324, 1.1212 
