Star      RA              DEC         EPOCH   RA_MOT(")     DEC_MOT       PRLAX        RADVEL
--------  ------------  -----------   -----   --------      -------       -----        ------   
BD+13_3683 18 33 16.8441 +13 09 25.488 2000  -0.04         -0.27         0.003           0.
GL107B   2 44 11.7     49 13 41.8     2000     0.33572230   -0.083704963  0.079300001    25.100000
GL388   10 19 36.7     19 52 11       2000    -0.50322807   -0.052891336  0.20389999     12.300000
GL414B  11 11  1.8     30 26 44       2000     0.57998872   -0.21339421   0.073200002   -15.000000
GL546   14 21 57.22  +29 37 46.6      2000    -0.63145      -0.30715      0.06943        0.0
GL569A  14 54 28.8     16 06 6.0      2000     0.31787348   -0.10574243   0.095600002    -8.3999996
GL273.1  7 28 35.8     31 51 50.1     2000     0.0096       -0.01706      0.0037          1.
BD+23   20 10 48.7     23 57 51       2000     0.0           0.0          0.01            0.0
G1904-16 19 07 16.08  -16 55 46.6     2000     0.0           0.0          0.01            0.0
G2300-16 23 04 01.43  -16 43 58.0     2000     0.0           0.0          0.01            0.0
G0548-28 05 51 07.46  -28 11 04.83    2000     0.0           0.0          0.01            0.0
G0944-22 09 46 27.91  -22 41 52.89    2000     0.0           0.0          0.01            0.0
G1041-05 10 43 28.51  -05 57 57.45    2000     0.0           0.0          0.01            0.0
G1302-22 13 04 55.22  -22 48 46.14    2000     0.0           0.0          0.01            0.0
3102-1910  18 06 15.84  +38 11 16.4   2000     0.0           0.0          0.01            0.0
3103-0807  18 13 14.68  +38 49 23.9   2000     0.0           0.0          0.01            0.0
3226-1373  22 45 33.55  +44 21 22.3   2000     0.0           0.0          0.01            0.0
3226-0942  22 49 06.05  +44 13 16.3   2000     0.0           0.0          0.01            0.0
1193-0473  00 42 16.22  +21 56 30.3   2000     0.0           0.0          0.01            0.0
2822-1668  01 35 24.66  +41 21 05.7   2000     0.0           0.0          0.01            0.0
2818-0874  01 38 50.88  +41 06 31.7   2000     0.0           0.0          0.01            0.0
2818-0593  01 38 11.10  +40 47 16.3   2000     0.0           0.0          0.01            0.0
0425-1475  17 56 30.07  +04 13 28.4   2000     0.0           0.0          0.01            0.0
0425-1644  17 56 34.41  +05 09 03.3   2000     0.0           0.0          0.01            0.0
0425-1841  17 58 38.00  +04 59 38.5   2000     0.0           0.0          0.01            0.0
5819-0497  22 56 00.80  -14 39 48.7   2000     0.0           0.0          0.01            0.0
5819-1190  22 49 27.38  -13 34 34.6   2000     0.0           0.0          0.01            0.0
5819-0954  22 53 45.45  -13 51 10.0   2000     0.0           0.0          0.01            0.0
1193-0445  00 38 47.54  +21 55 59.0   2000     0.0           0.0          0.01            0.0
1193-1040  00 35 32.55  +21 07 50.6   2000     0.0           0.0          0.01            0.0
2822-0208  01 39 06.49  +42 16 02.6   2000     0.0           0.0          0.01            0.0
2822-0042  01 33 34.86  +41 40 54.4   2000     0.0           0.0          0.01            0.0
3304-0110  02 40 50.95  +48 47 01.2   2000     0.0           0.0          0.01            0.0
3300-1645  02 42 59.98  +48 31 02.0   2000     0.0           0.0          0.01            0.0
3304-0290  02 45 56.70  +48 49 43.2   2000     0.0           0.0          0.01            0.0
3304-1798  02 46 28.86  +50 12 47.3   2000     0.0           0.0          0.01            0.0
0425-0001  17 59 18.77  +04 48 31.3   2000     0.0           0.0          0.01            0.0
0425-1845  17 59 27.31  +04 47 18.7   2000     0.0           0.0          0.01            0.0
3103-1513  18 12 06.15  +38 37 39.3   2000     0.0           0.0          0.01            0.0
3103-1858  18 12 33.05  +38 34 54.3   2000     0.0           0.0          0.01            0.0
5819-0777  22 54 59.61  -14 02 34.8   2000     0.0           0.0          0.01            0.0
1211-0406  01 39 09.64  +20 10 32.3   2000     0.0           0.0          0.01            0.0
1211-0677  01 43 34.25  +20 08 37.5   2000     0.0           0.0          0.01            0.0
1211-0603  01 43 40.88  +21 00 19.0   2000     0.0           0.0          0.01            0.0
1211-0103  01 44 11.18  +21 01 27.0   2000     0.0           0.0          0.01            0.0
5303-0123  03 34 47.72  -09 54 11.6   2000     0.0           0.0          0.01            0.0
5296-0322  03 31 51.34  -09 06 07.3   2000     0.0           0.0          0.01            0.0
5303-0081  03 34 44.27  -09 15 12.0   2000     0.0           0.0          0.01            0.0
5296-0386  03 33 51.84  -09 38 28.7   2000     0.0           0.0          0.01            0.0
0425-1474  17 59 41.24  +05 19 14.8   2000     0.0           0.0          0.01            0.0
3227-0283  22 50 26.03  +44 36 06.3   2000     0.0           0.0          0.01            0.0
5819-0341  22 54 30.56  -14 49 03.5   2000     0.0           0.0          0.01            0.0
5819-0275  22 56 30.12  -14 59 22.4   2000     0.0           0.0          0.01            0.0
1193-0419  00 39 59.15  +21 41 51.3   2000     0.0           0.0          0.01            0.0
5855-0492  01 42 48.91  -15 02 50.2   2000     0.0           0.0          0.01            0.0
5855-0548  01 45 33.79  -15 10 46.6   2000     0.0           0.0          0.01            0.0
5855-1243  01 46 20.43  -15 19 43.8   2000     0.0           0.0          0.01            0.0
0064-0267  03 34 42.55  +00 55 34.7   2000     0.0           0.0          0.01            0.0
0064-1071  03 37 05.11  +01 17 25.6   2000     0.0           0.0          0.01            0.0
0064-0476  03 33 42.78  +00 59 31.0   2000     0.0           0.0          0.01            0.0
0064-1343  03 35 47.24  +01 12 16.9   2000     0.0           0.0          0.01            0.0
2900-1977  05 19 03.46  +40 02 08.9   2000     0.0           0.0          0.01            0.0
2900-1705  05 17 09.45  +40 00 19.1   2000     0.0           0.0          0.01            0.0
2913-2335  05 20 54.90  +39 49 17.5   2000     0.0           0.0          0.01            0.0
0173-1588  07 25 52.67  +04 39 47.3   2000     0.0           0.0          0.01            0.0
0173-1367  07 27 56.28  +05 16 57.1   2000     0.0           0.0          0.01            0.0
1949-0889  08 50 52.84  +28 06 02.8   2000     0.0           0.0          0.01            0.0
1949-0055  08 55 35.27  +28 30 23.0   2000     0.0           0.0          0.01            0.0
1949-1742  08 49 19.73  +27 34 28.5   2000     0.0           0.0          0.01            0.0
3010-1372  11 00 48.55  +40 42 10.6   2000     0.0           0.0          0.01            0.0
3010-1053  11 02 33.46  +40 49 11.3   2000     0.0           0.0          0.01            0.0
3819-0300  10 33 52.76  +56 26 11.3   2000     0.0           0.0          0.01            0.0
3819-1059  10 29 21.60  +55 52 48.9   2000     0.0           0.0          0.01            0.0
0273-0451  11 50 37.46  +02 14 47.2   2000     0.0           0.0          0.01            0.0
6116-1126  13 19 33.99  -18 31 53.7   2000     0.0           0.0          0.01            0.0
0898-0272  13 27 25.48  +13 34 28.1   2000     0.0           0.0          0.01            0.0
3057-0366  15 48 49.70  +41 57 21.3   2000     0.0           0.0          0.01            0.0
5303-0202  03 36 04.38  -09 48 54.5   2000     0.0           0.0          0.01            0.0
4732-0599  04 14 38.12  -07 20 37.6   2000     0.0           0.0          0.01            0.0
4732-0045  04 16 03.61  -07 17 51.0   2000     0.0           0.0          0.01            0.0
4770-0727  05 32 03.04  -03 09 52.6   2000     0.0           0.0          0.01            0.0
4774-0030  05 30 19.97  -03 55 45.1   2000     0.0           0.0          0.01            0.0
2913-1850  05 21 39.12  +40 05 38.6   2000     0.0           0.0          0.01            0.0
2900-1788  05 18 28.64  +39 50 41.9   2000     0.0           0.0          0.01            0.0
0173-1948  07 28 18.97  +05 01 20.7   2000     0.0           0.0          0.01            0.0
0173-2118  07 26 33.75  +05 07 35.3   2000     0.0           0.0          0.01            0.0
1949-0159  08 50 20.29  +27 35 13.2   2000     0.0           0.0          0.01            0.0
3009-0603  10 59 55.14  +40 16 02.5   2000     0.0           0.0          0.01            0.0
3009-0580  10 58 28.19  +40 08 55.2   2000     0.0           0.0          0.01            0.0
6124-0562  13 20 50.53  -18 22 58.8   2000     0.0           0.0          0.01            0.0
0897-0390  13 26 08.95  +13 29 22.5   2000     0.0           0.0          0.01            0.0
0898-0225  13 20 28.44  +13 37 50.3   2000     0.0           0.0          0.01            0.0
0897-0639  13 25 50.14  +13 52 22.9   2000     0.0           0.0          0.01            0.0
3057-0434  15 50 23.02  +42 04 56.2   2000     0.0           0.0          0.01            0.0
etaboo  13 54 41.0  +18 23 52          2000     0.0           0.0          0.108           0.0
KH15D    6 41 10.2   09 28 35          2000  0 0 0 0
S17444-032      08 24 29.5      +38 13 05       2000  0 0 0 0 
BS16945-054     10 51 01.8      +34 01 40       2000  0 0 0 0 
BS16077-007     11 35 18.0      +31 00 29       2000  0 0 0 0 
BS16920-017     12 07 17.1      +41 39 35       2000  0 0 0 0 
BS16085-050     12 37 46.7      +19 22 44       2000  0 0 0 0 
BS16076-006     12 48 22.7      +20 56 41       2000  0 0 0 0 
BS16929-005     13 03 29.4      +33 51 06       2000  0 0 0 0 
CS22877-001     13 13 55.35     -12 11 41.5     2000  0 0 0 0 
BS16467-062     13 42 00.6      +17 48 33       2000  0 0 0 0 
BS16550-087     14 10 26.9      +18 01 19       2000  0 0 0 0 
BD+09_2870      14 16 29.94     +08 27 53.0     2000  0 0 0 0 
BS16477-003     14 32 57.0      +06 46 05       2000  0 0 0 0 
BS16981-009     14 33 16.5      +00 40 40       2000  0 0 0 0 
BD+26_2606      14 49 02.36     +25 42 09.2     2000  0 0 0 0 
CS30325-028     15 05 19.8      +06 17 05       2000  0 0 0 0 
CS30301-015     15 08 56.7      +02 30 19       2000  0 0 0 0 
BS16547-006     15 12 07.4      -03 03 46       2000  0 0 0 0 
CS30329-129     15 31 39.0      -06 48 35       2000  0 0 0 0 
CS30312-100     15 43 31.8      +02 01 18       2000  0 0 0 0 
BS16084-160     16 28 50.7      +54 37 03       2000  0 0 0 0 
BS16080-054     16 39 18.5      +60 57 42       2000  0 0 0 0 
LP625-44        16 43 14        -01 55 18       2000  0 0 0 0 
CS22878-101     16 45 31.4      +08 14 46       2000  0 0 0 0 
BS16080-093     16 50 38.4      +59 13 06       2000  0 0 0 0 
BD-18_5550      19 58 49.74     -18 12 11.1     2000  0 0 0 0 
114935          13 13 52.835    -12 11 31.83    2000  0 0 0 0
CS22957-022     00 01 45.5    -05 49 46.6      2000     0.            0.           0.             0.
CS31085-024     00 08 27.7    +10 54 26        2000     0.            0.           0.             0.
CS31070-058     00 14 33.9    +05 51 47        2000     0.            0.           0.             0.
BS17570-090     00 25 43.8    +23 05 40        2000     0.            0.           0.             0.
CS31062-050     00 30 30.8    -12 05 13        2000     0.            0.           0.             0.
LP706-7         00 44 03.6    -13 55 26        2000     0.            0.           0.             0.
HD4306          00 45 27.2    -09 32 40        2000     0.            0.           0.             0.
CS22166-016     00 58 23.87   -14 47 07.3      2000     0.            0.           0.             0.
CS22183-015     01 00 52.9    -02 28 18        2000     0.            0.           0.             0.
CS22183-031     01 09 04.9    -04 43 25        2000     0.            0.           0.             0.
CS31082-001     01 29 31.2    -16 00 48        2000     0.            0.           0.             0.
CS22962-006     01 37 58.5    -04 59 33        2000     0.            0.           0.             0.
CS31061-062     02 32 50.1    +05 45 03        2000     0.            0.           0.             0.
CS31078-018     03 01 00.5    +06 16 32        2000     0.            0.           0.             0.  
CS22172-002     03 14 20.6    -10 35 10        2000     0.            0.           0.             0.  
CS22185-007     03 17 35.9    -15 17 22        2000     0.            0.           0.             0.  
CS22169-035     04 12 13.9    -12 05 05        2000     0.            0.           0.             0.  
BD+03_740       05 01 16.62   +04 06 37        2000     0.            0.           0.             0.  
HD32963         05 07 55.8    +26 19 40.7      2000     0.            0.           0.             0.  
BD+24_1676      07 30 41.3    +24 05 10.2      2000     0.            0.           0.             0.  
BS17444-032     08 24 29.5    +38 13 05        2000     0.            0.           0.             0.  
BS17139-007     08 54 12.6    +29 19 16        2000     0.            0.           0.             0.  
HD84937         09 48 56.10   +13 44 39.3      2000     0.            0.           0.             0.  
HD237846        09 52 38.68   +57 54 58.6      2000     0.            0.           0.             0.  
HD88609         10 14 28.98   +53 33 39.4      2000     0.            0.           0.             0.
BS16945-054     10 51 01.8    +34 01 40        2000     0.            0.           0.             0.  
BS16077-007     11 32 39.7    +31 17 05        2000     0.            0.           0.             0.  
G122-69         12 03 04      +47 19 18        2000     0.            0.           0.             0.  
BS16920-017     12 07 17.1    +41 39 35        2000     0.            0.           0.             0.  
BS16928-053     12 22 28.1    +34 11 24        2000     0.            0.           0.             0.  
HD108317        12 26 36.83   +05 18 09.0      2000     0.            0.           0.             0.  
BS16085-050     12 37 46.7    +19 22 44        2000     0.            0.           0.             0.  
HD110184        12 40 14.08   +08 31 38.1      2000     0.            0.           0.             0.  
BS16076-006     12 48 22.7    +20 56 41        2000     0.            0.           0.             0.  
BS16929-005     13 03 29.4    +33 51 06        2000     0.            0.           0.             0.  
CS22877-001     13 13 55.35   -12 11 41.5      2000     0.            0.           0.             0.  
HD115444        13 16 42.46   +36 22 52.7      2000     0.            0.           0.             0.  
BS16467-062     13 42 00.6    +17 48 33        2000     0.            0.           0.             0.  
HD122563        14 02 31.85   +09 41 09.9      2000     0.            0.           0.             0.  
BS16550-087     14 10 26.9    +18 01 19        2000     0.            0.           0.             0.  
BD+09_2870      14 16 29.94   +08 27 53.0      2000     0.            0.           0.             0.  
BS16477-003     14 32 57.0    +06 46 05        2000     0.            0.           0.             0.  
BS16981-009     14 33 16.5    +00 40 40        2000     0.            0.           0.             0.  
BD+26_2606      14 49 02.36   +25 42 09.2      2000     0.            0.           0.             0.  
CS30325-094     14 54 39.27   +04 21 38.0      2000     0.            0.           0.             0.  
BS16472-018     14 56 21.0    +01 52 36        2000     0.            0.           0.             0.  
CS30325-028     15 05 19.8    +06 17 05        2000     0.            0.           0.             0.  
BS16472-070     15 08 29.7    -00 36 02        2000     0.            0.           0.             0.  
CS30301-015     15 08 56.7    +02 30 19        2000     0.            0.           0.             0.  
CS30306-082     15 21 25.3    +05 57 26        2000     0.            0.           0.             0.  
CS30312-100     15 43 31.8    +02 01 18        2000     0.            0.           0.             0.  
BS16084-160     16 28 50.7    +54 37 03        2000     0.            0.           0.             0.  
BS16080-054     16 39 18.5    +60 57 42        2000     0.            0.           0.             0.  
LP_625-44       16 43 14      -01 55 18        2000     0.            0.           0.             0.  
CS22878-101     16 45 31.4    +08 14 46        2000     0.            0.           0.             0.  
BS16080-093     16 50 38.4    +59 13 06        2000     0.            0.           0.             0.  
BD+23_3130      17 32 41.62   +23 44 11.6      2000     0.            0.           0.             0.  
HD338529        19 32 31.91   +26 23 26.1      2000     0.            0.           0.             0.  
HD186478        19 45 14.14   -17 29 27.1      2000     0.            0.           0.             0.  
BD-18_5550      19 58 49.74   -18 12 11.1      2000     0.            0.           0.             0.  
CS22950-046     20 21 28.4    -13 16 36        2000     0.            0.           0.             0.  
CS22880-086     20 45 47.5    -18 33 29        2000     0.            0.           0.             0.  
CS22898-027     21 05 45.10   -18 36 57.6      2000     0.            0.           0.             0.  
CS29506-007     21 17 38.4    -20 59 09        1950     0.            0.           0.             0.  
CS29506-090     21 27 38.4    -22 23 53        1950     0.            0.           0.             0.  
CS22944-032     21 47 43.1    -13 40 22        2000     0.            0.           0.             0.  
CS22965-016     21 57 07.8    -04 34 06        2000     0.            0.           0.             0.  
CS22965-029     21 59 32.0    -03 36 36        2000     0.            0.           0.             0.  
BS17569-049     22 04 58.2    +04 01 32        2000     0.            0.           0.             0.  
CS22892-052     22 17 01.5    -16 39 26        2000     0.            0.           0.             0.  
CS29502-042     22 21 48.82   +02 28 44.8      2000     0.            0.           0.             0.  
CS29502-092     22 22 35.9    -01 38 24        2000     0.            0.           0.             0.  
CS29516-024     22 26 15.35   +02 51 46.2      2000     0.            0.           0.             0.  
CS22949-048     23 26 09.3    -05 49 58        2000     0.            0.           0.             0.  
CS22952-015     23 37 28.6    -05 47 56        2000     0.            0.           0.             0.  
CS22957-027     23 59 13.0    -03 53 49        2000     0.            0.           0.             0.  
HE0017+0055     00 20 21.6    +01 12 07        2000     0.            0.           0.             0.  
8574            1 25 12       +28 34 1         2000     0.            0.           0.             0.  
HE0938+0114     9 40 43.0      +1 0 37         2000     0.            0.           0.             0.  
HE1225+0155     12 28 4.8     +1 38 32         2000     0.            0.           0.             0.  
BD+18_2757      13 36 31.9     +18 9 02        2000     0.            0.           0.             0.  
BD+18_2976      15 7 24.2      +17 26 58.3     2000     0.            0.           0.             0.  
HE1337+0012     13 40 2.7      -0 2 18         2000     0.            0.           0.             0.  
HD60585         07 34 19.10   -23 28 29.0      2000    -.1679         .029         0.             -6.1
HD60584         07 34 18.67   -23 28 25.2      2000     .0275          -.049       .016           -5.
